0.8987299692759251,0.802414426536317,1
0.25640836761176244,0.7587763501932797,0
0.51274080389332,0.13543914526146494,0
0.7496929896052905,0.20411869689991502,0
0.5762483714278054,0.4936441206778762,0
0.7788463510811692,0.7454082773752252,1
0.778994760180371,0.9987096190476021,0
0.516549080697048,0.2687106256075251,0
0.0002211010274856262,0.5967389803931482,0
0.8444217187496396,0.7847760220245743,1
0.33450441971360034,0.2783729752775407,0
0.5537994227250395,0.7683447855494298,1
0.7238968883296865,0.23994977920701888,0
0.3475749119915741,0.07372007527688584,0
0.2953857348686022,0.688802155800348,0
0.673549668459654,0.15949258959599188,0
0.7599854620772541,0.7199806944909021,1
0.1348095453910868,0.39563676425308925,0
0.9741167624482211,0.35852405351366057,0
0.5066891282222611,0.25950664328996886,0
0.2707260633020484,0.37843189654137566,0
0.0403247781917776,0.1358528321410417,0
0.6675447997637162,0.7178739305665383,1
0.9858524561136244,0.7265785126797519,0
0.4113049441143378,0.9646016803968278,0
0.10840664871124772,0.14199242714285532,0
0.7158968370447509,0.12068710681212313,0
0.03660001823134318,0.7157369121141277,0
0.05761606633352201,0.7438241056460656,0
0.2760535966387315,0.2930315367951669,0
0.5974739893932709,0.8200678499746052,1
0.11440517776779413,0.7779224482678593,0
0.5346746198642476,0.4432344202464986,0
0.31694327667274425,0.34114511394923996,0
0.10026084114557243,0.41335127373071767,0
0.80746664244682,0.7858429255169666,1
0.5593172638225627,0.2003985513395734,0
0.6963987066263227,0.8126741259004099,1
0.6985478642022724,0.5768275742617055,1
0.8159323967420059,0.642029140940535,1
0.8374697576960639,0.0795217367469645,0
0.8851463937206492,0.5416385702693104,0
0.6468256241775365,0.6287397731813864,1
0.698486183093529,0.6184881081413582,1
0.6131021848848371,0.6061923169526903,1
0.46060143755645677,0.07102333028176433,0
0.2154518978141693,0.01955479889549261,0
0.31303964573811227,0.2636813508286271,0
0.9316157960126763,0.12917318111351916,0
0.9129709633075875,0.08906255023554255,0
0.5048120069289025,0.31564820238734925,0
0.9416471312444088,0.7896864527878552,0
0.25147255805258795,0.7733572213529882,0
0.35145769908804325,0.3733542722967361,0
0.28759534349630544,0.2571410712234038,0
0.9533898475712016,0.2703270423634698,0
0.2013278643063957,0.4992267016879367,0
0.34643188146022474,0.9738341936438335,0
0.06424706210178088,0.5117768782300702,0
0.7804545778074938,0.4748629618852863,0
0.29456926221812996,0.39098804768024586,0
0.19497136880488952,0.8123223603838003,0
0.30106680890499726,0.39663152771486687,0
0.7391366278533599,0.07758490269541896,0
0.01588084778877541,0.21933614631792142,0
0.04432256105779708,0.08209382787697661,0
0.8419979893785793,0.5958347828022948,0
0.6258218749958984,0.4027315831721223,0
0.6115776327876278,0.6592154186222771,1
0.5907309857266696,0.5960569384375661,1
0.15361584010452112,0.712913754109798,0
0.8805137495021547,0.44934483175145046,0
0.31465458968815674,0.4375669713794672,0
0.10938807533300066,0.6540726822922698,0
0.6143794049997626,0.22978978853495624,0
0.7649923859428207,0.1342727407135602,0
0.7339510084262802,0.681509703352409,1
0.6265684235713581,0.8625913907692824,1
0.4202932873552655,0.19878240617473908,0
0.26731091998258105,0.8464983908456398,0
0.5636883584196317,0.412220167490042,0
0.9574668912823077,0.4323607818742923,0
0.446380387080725,0.9699408610364892,0
0.9232280835436437,0.6105431981720925,0
0.4117615505054283,0.7814850812553186,0
0.1256745888155698,0.3570510330113247,0
0.6218617617846085,0.5367700090913903,0
0.07237091852463651,0.39466340008392387,0
0.7948836629141172,0.8601049959202335,1
0.7772777526176969,0.18738902952016423,0
0.6709053635029983,0.1970948703526313,0
0.852412013897878,0.9778147270082306,0
0.3972842828983756,0.5748389776841314,0
0.5085531819103646,0.2249975235323045,0
0.8487154471493803,0.6551462998290021,1
0.5938463869139011,0.778176809753327,1
0.5961739968149541,0.8580432588950686,1
0.9901919198730187,0.5864922306248738,0
0.8039165070193219,0.18730645286124858,0
0.7615253385922479,0.5268528523892944,0
0.089653034539531,0.20855863991736734,0
0.09092071202040164,0.6756351400607437,0
0.04229093520824634,0.46026262302147913,0
0.3221787233209624,0.7349221583003887,0
0.501289720558859,0.6294198168649037,1
0.9160669459645192,0.8095569627882158,1
0.2781514313434805,0.6456676596572266,0
0.36091353979807617,0.4755669647643922,0
0.47219063082461044,0.4977580717731842,0
0.8702864980049537,0.13674925455178544,0
0.8792880672713319,0.7776004853292044,1
0.3913733832755397,0.3729641105483873,0
0.005366921428812121,0.8883408044626154,0
0.7716468997542941,0.31593541221470545,0
0.6215428460665476,0.9371207248267133,1
0.006215209085131845,0.6501423330659619,0
0.6158566958496569,0.11459166849827862,0
0.27103926156979097,0.518941616999617,0
0.3517182501513566,0.672489168597923,0
0.0348267509697876,0.6342158175229934,0
0.19603573470262037,0.8650091256141385,0
0.6841439207761836,0.9273844331790999,1
0.7293469397397733,0.6224614148613548,1
0.6370684301603611,0.7507067968608052,1
0.5608365113588772,0.05341537606528457,0
0.13964703992165894,0.5392469064291228,0
0.3527709074430926,0.13835173475942608,0
0.5945997154487102,0.32164427740139967,0
0.5953976756722328,0.19739801653432576,0
0.9885529624356099,0.47835302434392224,0
0.005124165224023369,0.8049951353577112,0
0.47413376810572083,0.48232980384486324,0
0.5710858379232985,0.44414877873875747,0
0.2841474175606957,0.5872729485694341,0
0.465613771506474,0.37251617117696667,0
0.5021777548078494,0.8105536817499781,1
0.7403430578135995,0.031335119001335454,0
0.2136820766576455,0.9583576845952008,0
0.8415893896750763,0.3687853787367543,0
0.5651653279248839,0.6253306356789633,1
0.9360182334337636,0.6107816784648972,0
0.1916494648223105,0.6907661538454004,0
0.24841414097904835,0.1506704474094941,0
0.48230778099704164,0.4338943728455047,0
0.1686434825632942,0.8595595322368097,0
0.9261812325720061,0.747651334504783,0
0.7843253447505368,0.5226802467185063,0
0.1755325390018514,0.47095638825003105,0
0.2920341316165156,0.5808759490234735,0
0.21422106084921344,0.7410146117930189,0
0.4075750420483848,0.6791652860396251,0
0.2950002874916139,0.05890666421883739,0
0.39826805511678565,0.8200578759091339,0
0.925686302081601,0.844308975631748,0
0.7244849384623663,0.23369860237103945,0
0.4037378634948212,0.3903836357927051,0
0.052899988918414076,0.1473480130706113,0
0.34049603220461266,0.689655179681184,0
0.7283890480817762,0.3611290662657144,0
0.3674140642949979,0.8286010315445435,0
0.1625486670364773,0.6170691125981231,0
0.12292865932351715,0.6803660395381999,0
0.52713616553589,0.29376851663127246,0
0.927141929107606,0.35051475533457943,0
0.4636287285712607,0.9473960450157014,0
0.8641724056616816,0.6241673061296851,1
0.36602845238444215,0.2369340707494173,0
0.6895784527387617,0.7552843487455245,1
0.7017708421782392,0.06067813090357277,0
0.0342043075083146,0.505864681085505,0
0.12614573599393553,0.1553948814719024,0
0.7483486449639075,0.6307331888453499,1
0.9889366284417578,0.5482604923537885,0
0.3464580467533436,0.3054871016626759,0
0.5724686047061344,0.8585859041236361,1
0.7715747623338223,0.1333093255371498,0
0.8264410929378997,0.5844785872810084,0
0.9750594341074333,0.006807419107349388,0
0.18347907130140728,0.008405703057656422,0
0.5650954268090841,0.326926824564447,0
0.6160181123591164,0.7483277082385575,1
0.7548151788311491,0.45656378648272034,0
0.993684563687958,0.9624739161229685,0
0.9598825139939751,0.27484957255053655,0
0.32875068866960455,0.6241561009276223,0
0.47672537261506054,0.6739487021594874,1
0.9379187446073727,0.23162842763925473,0
0.823780170427729,0.7352871114897549,1
0.160804411506968,0.8950718474888423,0
0.13147622125379888,0.7324790544781749,0
0.18303061213459326,0.9649485102722889,0
0.5020093949842391,0.015460599390917262,0
0.016878829897636338,0.7135025379967538,0
0.8509298927385206,0.8591530255265546,1
0.32593209053228744,0.9478083643237016,0
0.9559398665704152,0.04862957013889646,0
0.6795804969176171,0.04691765922561075,0
0.06959526968705987,0.03545820297913338,0
0.4495312020678137,0.5023569854926542,0
0.1329443669947471,0.37062211624055763,0
0.048867805000365694,0.3425841168451452,0
0.22518637972790012,0.20603360973027307,0
0.9670594785456197,0.8557411622081544,0
0.3733759195232318,0.9173256826673533,0
0.6109214372277021,0.5946112294934557,1
0.8696707233586022,0.6088475593221866,0
0.7761207881294712,0.13004402004756954,0
0.8665875070392542,0.5942839750799533,0
0.9309309865355917,0.21131836937923398,0
0.017546136923142774,0.9930693933235115,0
0.3044857804763933,0.5312816047122156,0
0.034966514643923974,0.773156866706702,0
0.4882280986167645,0.49189579745278145,0
0.01131436548120146,0.49007656645387254,0
0.18145291077331005,0.28630711351438576,0
0.4420431564756977,0.8630774685807063,0
0.7207508761722115,0.9522181672558804,1
0.08538730615239165,0.22484640395029054,0
0.5959120027396342,0.8517526227743516,1
0.493887585405563,0.694715796712912,1
0.8319607032338822,0.8552458050278853,1
0.3371326222540205,0.12402118701872689,0
0.6309491808497354,0.6617641416004096,1
0.15754604376669623,0.4773014726598259,0
0.8495573404187524,0.23356388742349166,0
0.21839158038355544,0.393279244206994,0
0.47648850186928804,0.13050466604727717,0
0.08072331158219603,0.3372769439543467,0
0.5740089840650047,0.9241952865430972,1
0.9246078656922024,0.21503131071544834,0
0.5471125688701948,0.5422792846633091,0
0.09908531495711015,0.6686450281546183,0
0.7775342899395647,0.9696677964508665,1
0.4297792197813357,0.8021516029679266,0
0.1527576452052951,0.5739703923062007,0
0.9082333023439061,0.3983061112938121,0
0.9807419487937206,0.4201003301488204,0
0.578939084311677,0.9370693534609318,1
0.7134608963563089,0.8924906134523142,1
0.2847930182363281,0.6118571225466994,0
0.9731762635659488,0.21423003445084832,0
0.528442979008738,0.9097158185010688,1
0.0497982531408131,0.13223874292226523,0
0.47745716975320895,0.7336291163240757,1
0.4784631451721124,0.12750378043549837,0
0.8720140574890094,0.23908268729981963,0
0.16294428652171544,0.33418774525821016,0
0.9821009180489153,0.45492609575173804,0
0.006508804022030135,0.5516344901619243,0
0.7030508944416879,0.0168146215624998,0
0.9674817664495184,0.68501371414115,0
0.7248638463320566,0.6874138947458386,1
0.2741867797584632,0.8055137217852926,0
0.43826720448335066,0.22870797278334976,0
0.7626771182607248,0.6029920061704739,1
0.40468206259529416,0.5702842288784736,0
0.706917774522372,0.8111914777026966,1
0.46232177102932726,0.39901312637446507,0
0.07241239370110997,0.9811383266163761,0
0.6992744264967087,0.6712032610275301,1
0.7438573983491779,0.9372544755706905,1
0.21016686405496943,0.19416810349825164,0
0.853780536943706,0.3180708736382446,0
0.28761827060500933,0.26258787560573105,0
0.8394574366708197,0.058967891926215765,0
0.27511393014488106,0.4990807376541113,0
0.3047576161889872,0.23148061450936552,0
0.7839835799002673,0.1810875506124,0
0.7639282557013107,0.3938234273437794,0
0.5246160857177846,0.35365687273242563,0
0.3136004881170614,0.41327238857835913,0
0.5599016451640091,0.6961834182858841,1
0.7724461401739506,0.9727660532613258,1
0.502475884491196,0.5611564591223916,0
0.8973041244701218,0.7671044792472445,1
0.24281290261035826,0.6820218967177828,0
0.6174757442803549,0.0799143110210595,0
0.7227205670474632,0.08425698749263288,0
0.4499739131541922,0.3242682150286398,0
0.10276945995072628,0.7565819744807603,0
0.1853108234512334,0.4824334114546933,0
0.5261277135810492,0.3098393819272246,0
0.2345783403905385,0.8440000102039845,0
0.31675673592134446,0.19887115648205467,0
0.49355014439336675,0.12440842168508237,0
0.7263578252986578,0.2586063074337178,0
0.7860224057789734,0.8606902690854462,1
0.22601697363184092,0.06324437669763672,0
0.9438889143920334,0.962553144849119,0
0.904569171522793,0.973577933993472,0
0.32835225425754244,0.4180179664052055,0
0.11978579010869805,0.27206644613769704,0
0.07390203216703728,0.1198924551748225,0
0.521580820740177,0.8811799835545072,1
0.8336510793786405,0.2468895715331776,0
0.9197341738207631,0.5925463600259272,0
0.6119313285552407,0.932103799628629,1
0.60580165179352,0.704384275475045,1
0.9769974074493184,0.7161709682744,0
0.04824130354057454,0.5561415572678182,0
0.010040836325376112,0.26850306471999563,0
0.003305704357447037,0.08701845024371835,0
0.8434318876903275,0.4092182782735194,0
0.052939458166008424,0.24998861474578993,0
0.9255421827376887,0.162069899434502,0
0.746326558517445,0.15935380881291905,0
0.856285671681542,0.22576393344639578,0
0.7867247990563533,0.195402877044908,0
0.8598572165870999,0.25641858380411564,0
0.8220161805584567,0.5906298692327177,1
0.8255689747989127,0.7188947189420957,1
0.2577151266877332,0.778920968683555,0
0.9593992530577122,0.3971329650083607,0
0.6631535968634957,0.5372326906839902,0
0.7425191936692593,0.9674274695645297,1
0.7060618977380009,0.48065990041495776,0
0.038814258973387306,0.3104952304300822,0
0.1318003098212186,0.7818154307199916,0
0.7456731027456815,0.8759132948582196,1
0.6005617558993237,0.9644327554936554,1
0.3863513216986578,0.551679636494069,0
0.6212757319492305,0.7172918770784965,1
0.4147868953565076,0.21854071310342804,0
0.19931737117548898,0.6980008971082793,0
0.16676212340109153,0.7690551632216895,0
0.8074812138170335,0.3292095330155721,0
0.7982029741172539,0.4820641543379054,0
0.9933074656263218,0.24214839652040976,0
0.9769314121374622,0.029076972166766746,0
0.07421650051085138,0.29767838167758076,0
0.8708934386001354,0.1802623665889681,0
0.28011121365727487,0.6971189592673114,0
0.5339633213574374,0.8382061929485974,1
0.08861647440207887,0.6199143374931873,0
0.3560097305035316,0.014963740132131309,0
0.5785514265833152,0.18619249597282017,0
0.5059565079917234,0.28198285509325616,0
0.12829383685906515,0.7408274710069048,0
0.5048592765239875,0.833584330755499,1
0.8081805571526588,0.3185242361734689,0
0.3478480661201201,0.9779394488577707,0
0.13554779892995938,0.07017361918374843,0
0.7721209121142657,0.2367902810078807,0
0.3470298337718266,0.8186837885690446,0
0.044628781683096586,0.20433662510929684,0
0.7781267509613468,0.7405328073230985,1
0.5017280293046449,0.5314126194322003,0
0.28216869882284956,0.6943290245224846,0
0.7772556793088979,0.851065989374365,1
0.8565955100875156,0.6211468663982427,1
0.16766104615813104,0.2969835785632131,0
0.3549106833486515,0.5269283723914985,0
0.01948299306951251,0.2568793187772337,0
0.5271807233900891,0.5253996614311616,0
0.17458101127353076,0.17590859170878126,0
0.6947084995804881,0.7804972910898755,1
0.2729107593665162,0.5252822735933245,0
0.35272370977368517,0.6701630579716478,0
0.7096181124511257,0.3266659058480492,0
0.5486841676215461,0.16518611805856087,0
0.10563308725954024,0.7206403484767738,0
0.9046332790861092,0.010452970501182213,0
0.7454205103908689,0.6919219509462604,1
0.6664338555220672,0.5584451839429223,1
0.94208487891323,0.8267010704084342,0
0.7201084113846127,0.36056106975912716,0
0.5063910067383796,0.19302390608137865,0
0.07302207434114227,0.4763561188922628,0
0.617708814174242,0.5953015267277888,1
0.6910420290860024,0.28862617371837085,0
0.5102355954364198,0.8663633506589293,1
0.8584397475475678,0.5666046760773753,0
0.9275562165650784,0.25613248128157884,0
0.3852970204516738,0.7597292464739217,0
0.31697312230827,0.5197754172504886,0
0.6253255376002169,0.00943447906394368,0
0.8657437412354986,0.8411982645491647,1
0.2930056700403979,0.9585102329808441,0
0.01712252844273765,0.7921346869986943,0
0.04679191298636898,0.957933687205544,0
0.2612400033433454,0.7201837576773382,0
0.9939408725325263,0.9907124120557367,0
0.1891614137388804,0.9762909673157419,0
0.3921326185477747,0.1896446981258575,0
0.159068439994972,0.3504208688874133,0
0.6271603713075699,0.6626343154195085,1
0.8863234984877513,0.5359516792232639,0
0.23973758336335727,0.5374556397869283,0
0.20308433518168612,0.30346814122997123,0
0.38925036397686674,0.07952924787574411,0
0.9872852865234946,0.643542512787764,0
0.2094654042336035,0.8969367598462319,0
0.9195790491308868,0.1571080495085364,0
0.9096998883378907,0.6336711674403511,0
0.7368149115831336,0.7483237944613919,1
0.8296503509411002,0.6825216617338367,1
0.31266184373307104,0.38037463070246924,0
0.444940297158684,0.6738002225839412,0
0.48436448351074635,0.7348545688773598,1
0.41692929076929264,0.5625499474950844,0
0.2506291758209539,0.21745063739348447,0
0.5340271444003919,0.44328773037906155,0
0.0943480548499056,0.7054465132775776,0
0.6718771060961453,0.8053477186110664,1
0.5444660751348981,0.5333003977506533,0
0.8894505492049682,0.04782427372912157,0
0.22723984672066,0.8041238965967321,0
0.12124329414984758,0.03641090476176778,0
0.29527407782599524,0.535388835845015,0
0.9708947674383825,0.44118012490876646,0
0.2931478447259298,0.4639890872517174,0
0.34978942421765613,0.9139769685867389,0
0.1604165978940254,0.5482075499717639,0
0.8842203550926779,0.6336076878687805,0
0.46297053487689654,0.21618258734025508,0
0.26651363540514394,0.7100233444868591,0
0.29371981693364146,0.12092486775587585,0
0.03247477552084388,0.4794210031606675,0
0.6016786604649114,0.7576893381306145,1
0.9517807930545887,0.014937140442012109,0
0.3755103932987832,0.5353779487170955,0
0.7684575133055969,0.14836727349165624,0
0.2057469753597898,0.479680952501782,0
0.42549225355385045,0.1774432685196614,0
0.3456439706137501,0.32114280070977863,0
0.09561067633327647,0.01686658957688003,0
0.3377468219791405,0.27435705283365297,0
0.3694238985559445,0.8785330304016189,0
0.31906200851862654,0.6594937628525852,0
0.8386268389028603,0.14051638466752037,0
0.8072001695925537,0.34766206545644573,0
0.9561497690063864,0.6329180111315644,0
0.47903309121321,0.5632503616784486,0
0.7787376990037236,0.7773069607512072,1
0.1692084692168475,0.7458549916303733,0
0.3839840879620142,0.7374713720683789,0
0.4210072416995092,0.890532921201937,0
0.8773264641327319,0.12089142392331331,0
0.24903715057172082,0.2769140492092127,0
0.1309860172526104,0.5308146980067316,0
0.6703803408855308,0.33454512350396215,0
0.244162193939774,0.1585116879377103,0
0.26993644684989604,0.27901714740987715,0
0.556665537722622,0.7574916626616386,1
0.6979779471786488,0.8925646530300537,1
0.6287395991069653,0.348185713584354,0
0.6631688532466997,0.10287795345439121,0
0.3719559169195573,0.5000128260594561,0
0.31160086002241416,0.6534740077896734,0
0.5195395888375133,0.07960083165013743,0
0.40389858000611756,0.5333106881888399,0
0.5734776701350706,0.6261760160495504,1
0.6979651904731617,0.5724909267978794,1
0.5606066912189819,0.2468392476253254,0
0.16406309354629856,0.03217144622103496,0
0.5995706457470293,0.7738705234890436,1
0.9899938883398874,0.1006656031333324,0
0.7864054281829218,0.8280962922827946,1
0.9246261736610308,0.0011877176032295544,0
0.9336270675695284,0.687108824565957,0
0.3914240742444126,0.3392127934172825,0
0.34757881631017584,0.8291283424351246,0
0.7470756524026088,0.3426273381273426,0
0.41963937746333446,0.23520982210853147,0
0.6026748015865471,0.665270632015954,1
0.13056617483214195,0.9310991908164393,0
0.9442112294503932,0.23712478009297466,0
0.22960625170682447,0.6566056368120642,0
0.9738888123900954,0.6351710364743596,0
0.4904411366718947,0.6373778420165612,1
0.25128513715495504,0.6817322442675152,0
0.8391192366666742,0.614897413605081,1
0.6338822583229912,0.44110714594856104,0
0.5089313684071015,0.5910945910693454,0
0.14865582818977352,0.5148022845269772,0
0.1248631419149363,0.5278312905782768,0
0.7272708606102545,0.5039693779667167,0
0.4173606865828182,0.6470590153931816,0
0.9292004307281889,0.34205947059443986,0
0.8121088086945625,0.2694039180986061,0
0.08565109004973359,0.40918602366948653,0
0.6106684610283378,0.4954007029716093,0
0.6925966645063759,0.9223837789396874,1
0.44938735463450863,0.46355899895434316,0
0.9848794761894467,0.29411042112221764,0
0.19824413239988703,0.36907451544804537,0
0.5484165430026003,0.8515324253412165,1
0.7647703942279522,0.9019382850175647,1
0.025836797179521698,0.24599735105822818,0
0.16346098091175,0.9182700192671873,0
0.6923662350158426,0.5017242926532318,0
0.775569483287254,0.5388909055002752,0
0.5910421755347265,0.028067598738369393,0
0.5593526733597668,0.268418091380319,0
0.550412778633262,0.6831600400418496,1
0.09416997777397618,0.23327508919896267,0
0.42637607023627644,0.4326588126004225,0
0.4865132524458492,0.5973147573458231,0
0.78182025098577,0.5123495322652437,0
0.9611324098688003,0.031359113761252444,0
0.7768546751091893,0.40928504350168804,0
0.4946505912289013,0.8583480081039302,1
0.001360190394625982,0.7385629610308551,0
0.9942652227152851,0.9769427466056809,0
0.4808008697081193,0.5027011647628562,0
0.5247404491208767,0.44901984346586243,0
0.8910543237096611,0.31192298387736994,0
0.6134282512419486,0.37174841196535535,0
0.8975145428829536,0.03346894736241701,0
0.38578256695113944,0.26362019009258897,0
0.6896565231776788,0.5014471964246936,0
0.45806604769963866,0.061960367591565646,0
0.6697130404691582,0.7839240983613864,1
0.3333475680880402,0.4160905183566116,0
0.49305980495010104,0.2460099461122086,0
0.6142209565337771,0.08388098365300589,0
0.12919705799314662,0.49274006215097343,0
0.19026784808576247,0.011989297894917539,0
0.9373121086727889,0.0902041979160263,0
0.7831939084838607,0.3036648707139752,0
0.9460559057687491,0.1311893588754851,0
0.35791435356593615,0.0020026331186222546,0
0.437176901171378,0.009273553730335893,0
0.8672581861109788,0.9429585618536489,0
0.20837518583724346,0.6847784083184169,0
0.0987080357159108,0.9082041872868616,0
0.9611556920638257,0.2821128742995218,0
0.3754405658554786,0.8442586595941981,0
0.6575416469775887,0.569819927335501,1
0.07498215937790664,0.08906964564663411,0
0.7199950123274086,0.4350905519426692,0
0.8076571813584005,0.24278968205469897,0
0.36637299157369896,0.8823506834681758,0
0.7295442990243473,0.5209829090963121,0
0.07440546667291914,0.32962382502072385,0
0.0742359704122264,0.32770414702752915,0
0.17957542716367958,0.7258873727395143,0
0.8432831082686183,0.30762247597875136,0
0.6828956516082746,0.7795081666843556,1
0.9228594578529569,0.9626683473919452,0
0.7348121593825387,0.12115153104554,0
0.365294807491797,0.9320268309644293,0
0.37150356876791557,0.03860035416672669,0
0.7426199579011694,0.8127542173355327,1
0.6223489308857629,0.26704209560859793,0
0.548783387421686,0.07187173962396165,0
0.4957197674879227,0.02739040709429541,0
0.9276430429420179,0.047051904945498046,0
0.9555379889439516,0.21014099796785846,0
0.7696418881332937,0.9281470291666515,1
0.23657653962207992,0.4279600652288422,0
0.09764891417563026,0.517726926909461,0
0.6296595133487092,0.9410125754189361,1
0.9136107728709895,0.8572798496378201,0
0.5189113221951871,0.752135050078378,1
0.9456445158458017,0.815026111069316,0
0.2503659040536098,0.014482166084022752,0
0.5430455032980859,0.8157093956273888,1
0.16175837279309146,0.8757169219762528,0
0.2927276014921163,0.29060712888575724,0
0.03347517063145333,0.5726927622780796,0
0.26864772975048845,0.4916762602970107,0
0.9574090087193301,0.5971941120648528,0
0.7147295058412528,0.7687467598809503,1
0.5125202214968109,0.9189744439760968,0
0.42631976407548877,0.4339847283393582,0
0.8000738256766533,0.22586948286375041,0
0.6510416313892202,0.9890944198968116,1
0.35427800141718413,0.26415896057162724,0
0.47112517168902257,0.3074208123391934,0
0.22258053657722499,0.4742633109300004,0
0.8751016330238264,0.03225972905611485,0
0.7417083564282698,0.22008575940592046,0
0.18308173832915742,0.6772874480894435,0
0.8018888856813734,0.13778900831837404,0
0.26387823779162123,0.038678971993017175,0
0.4588749230997724,0.6523345614749104,0
0.4892634530866531,0.9992382123700357,0
0.37039303631671716,0.15244442039832629,0
0.5639075149307309,0.37069344573294816,0
0.9288704903335254,0.8559841408757659,0
0.6467261128111182,0.31848470881645763,0
0.1223826941001086,0.2059842982021871,0
0.5305249090228357,0.45788504184303935,0
0.9164790322940322,0.13762488204081524,0
0.5528615124593772,0.6128377314110316,1
0.4338855475346888,0.9621694223577225,0
0.5797424407484634,0.5869722940379681,1
0.4946207036781737,0.27241985574680905,0
0.0740840599358028,0.7052411104118106,0
0.3748409305927328,0.13785776833161711,0
0.8080329131270261,0.2215272855759406,0
0.3597795080213694,0.12470843102539986,0
0.5446460476245318,0.8984354978476423,1
0.23639931169213468,0.5196904859877521,0
0.2218492913640142,0.7846685112835785,0
0.3982602973979088,0.9509927465268081,0
0.3200280191195942,0.8589279973512933,0
0.2930455582912933,0.36937283675033805,0
0.3714422082611648,0.556551572463145,0
0.14147662261779514,0.37132542639107524,0
0.42057821551887387,0.2547839522771802,0
0.5634735739386547,0.5984785832222599,1
0.2264871969294986,0.8767461924228317,0
0.5620388941075322,0.890303904853171,1
0.8147939683219895,0.12055157713681786,0
0.5451623775705513,0.4361915219536856,0
0.420525651894597,0.7433279971040366,0
0.9231923184769205,0.6944668124299966,0
0.656767242832692,0.8780544088989701,1
0.7033040137523743,0.7781506667208545,1
0.27810662152687415,0.011027705847707847,0
0.008018610240344448,0.8171218031033669,0
0.4733480576655609,0.37223875225171854,0
0.932513751008559,0.6686257681690994,0
0.7336116571893916,0.7535598609026278,1
0.7295336780038312,0.4434477590969632,0
0.8881374747536344,0.6707958029331994,1
0.9015721933264088,0.792026647265559,1
0.7231394215089105,0.6902660354134519,1
0.24059741416768343,0.9264756719940342,0
0.5988104588370939,0.49009153210499057,0
0.6474548751706796,0.6377965116552531,1
0.7975945778571097,0.05629704354508969,0
0.8321836812834263,0.21855592981449623,0
0.5437485929973951,0.13376759664866633,0
0.49634195849031926,0.3845034310342048,0
0.8582103527811774,0.8718473534744523,1
0.1786375082597994,0.090271382008412,0
0.9057357293293878,0.27701751700258836,0
0.7784799893189622,0.7685176854695178,1
0.17916419523611038,0.4341799416618758,0
0.4633512022380336,0.3380767272888354,0
0.8950098548203661,0.8194191302961998,1
0.6333203564580222,0.4507190523573327,0
0.43324262121830903,0.6707002523842486,0
0.26113772631097343,0.07855348189791345,0
0.44538583300559864,0.37221596693476344,0
0.8947537474520427,0.6649487795468706,1
0.04567317655725667,0.047023442599412046,0
0.02465630283694009,0.8880812623896847,0
0.729247005559718,0.7603731671278713,1
0.8784638068902557,0.21184264564167887,0
0.3226630028668622,0.8733365823707848,0
0.25757547682697324,0.9341303299765846,0
0.31111611508770265,0.03102218294830439,0
0.8694269225392399,0.7634361621104345,1
0.8544523847760477,0.7441112670043348,1
0.0802907020430218,0.523375584226406,0
0.17578616235926114,0.6179278354357464,0
0.8714666689829575,0.4518465563424351,0
0.8443989732443776,0.6737445989753583,1
0.814732747860946,0.7841731586102637,1
0.7330600325514428,0.2870618884761017,0
0.33400373735299205,0.1462910167406113,0
0.645261457158469,0.2666309058285695,0
0.6180194373675806,0.26389145999537444,0
0.24596295643911736,0.7888188811803422,0
0.6723868759863888,0.9479834767935642,1
0.7228006569106628,0.1577516126052121,0
0.5924336326259966,0.21600089049141757,0
0.21983356849985758,0.9725076378643093,0
0.29429305687136686,0.31411699671733806,0
0.6595150899421027,0.02943781207128604,0
0.5926289883329099,0.32148410376207426,0
0.8926228994197187,0.024634289370469742,0
0.933334094157,0.17714026774336167,0
0.5970546665850112,0.42627970829847994,0
0.5300071865778677,0.9762764814637631,0
0.20254266990577907,0.9701217571911845,0
0.8101719345568159,0.1893321186618121,0
0.3582844083247575,0.5297682473081466,0
0.7417338673335495,0.6021655267388876,1
0.6882368588443759,0.3498217708357947,0
0.6711704578375178,0.471403106479408,0
0.2863988893294881,0.6914572853429349,0
0.39248983861859543,0.9507524357895645,0
0.1968323162975495,0.21483742246127246,0
0.19925717707004675,0.9621664806935754,0
0.2547569549570934,0.5320877666872519,0
0.5097695597947594,0.27972094978267115,0
0.3140861407897695,0.030957486107540788,0
0.11391186850130741,0.017677451008865974,0
0.7463959853558614,0.1933065252724252,0
0.7128529122925974,0.8759271634243392,1
0.2868019304369056,0.733543402557895,0
0.18047365997004106,0.7383390260147724,0
0.4092948692602345,0.38949513350082077,0
0.3863847052543413,0.07147620388690434,0
0.5344591629137863,0.8406523360254834,1
0.0754641368690584,0.0963005285790316,0
0.8184678992737439,0.5530140250728691,0
0.9137539894549488,0.006053356697641621,0
0.3844611117575292,0.6406521292443511,0
0.24063473217075082,0.5469156473849891,0
0.09433407716383235,0.5552010891336527,0
0.9868754876381761,0.9954881716724048,0
0.3576843937529506,0.8086435883313278,0
0.9456303631716491,0.9653780144877818,0
0.6719149816277048,0.9118104773473787,1
0.8182521572562242,0.18463551881313411,0
0.13391751161881182,0.35400807659924916,0
0.4286778055067091,0.3395853166817754,0
0.48682718065452113,0.5701916617953909,0
0.9077804845761942,0.9191539173873338,0
0.2693836089660381,0.1738885644859539,0
0.9028856221778733,0.026653208805931583,0
0.01812760332124197,0.698142911731145,0
0.2728776644961386,0.9715926945773397,0
0.01712757950345578,0.2893625945029802,0
0.8046657517213612,0.9494667432458548,1
0.405216447262185,0.8988673163455558,0
0.6668532663284459,0.3646786061859002,0
0.156053164509379,0.5164259891509655,0
0.7750286615181522,0.001152247289335162,0
0.486531870100561,0.6409080592841746,1
0.7154493658069574,0.8871523038298988,1
0.07860960851478993,0.5817032178897956,0
0.12445456117978948,0.08675855087150253,0
0.45374625920351463,0.04460111971317238,0
0.425451474395917,0.1452588606141182,0
0.6145129303453039,0.5609357590462679,1
0.7118515904881458,0.6734966054118793,1
0.06960713266595986,0.6479338077032948,0
0.6069856431936459,0.5054021639341926,0
0.4343522939414003,0.3691790888657469,0
0.8901027704689892,0.8280895661531155,1
0.8160468256344514,0.006489240622056691,0
0.9529095068146455,0.6596853596090874,0
0.3603854976706985,0.17845442697305935,0
0.5748598701586087,0.41591536876866175,0
0.4443522998382069,0.9471350877781539,0
0.2989398936956813,0.7760396890516057,0
0.43205172025428673,0.8158879111379611,0
0.20384470014206724,0.8685751308916717,0
0.8959643109526753,0.11823473501563087,0
0.2804004604357796,0.9868813666332239,0
0.57949931693917,0.40906512891110647,0
0.6440334618818392,0.07834726572227846,0
0.6599548162191796,0.7478057195634221,1
0.3397781183527826,0.9744032461947308,0
0.7824252892851364,0.14077377911969602,0
0.5082732096399947,0.9048695741170041,1
0.17241864152384323,0.7004982656848708,0
0.20587734021864112,0.1494472236582043,0
0.23350907383095254,0.8135776361375925,0
0.24566172951605958,0.039499232463827916,0
0.5546964229335586,0.6128435604349765,1
0.4733311811620835,0.15438766231966283,0
0.9009307669786022,0.3486104897602704,0
0.4022588518687328,0.739294237410374,0
0.17309270668794552,0.6603707461188644,0
0.5490933064723287,0.32854337048072924,0
0.6500668621979465,0.5409385398601593,0
0.7704297851613653,0.8613975863572617,1
0.05835828303192536,0.7837478671575245,0
0.8277767332761782,0.9985156632890149,0
0.4334139028568619,0.47113025715580403,0
0.15824515366073855,0.23258909787281523,0
0.22576473742854608,0.6220325879759606,0
0.08888953108435427,0.23467217136846286,0
0.42468679223900896,0.569593963221272,0
0.8541783896715593,0.9157028028573845,1
0.2438389978175789,0.09165425784108183,0
0.601381383446615,0.10608316202865109,0
0.7656056929924463,0.9565896908475692,1
0.1333501377215498,0.9525540279800979,0
0.1688912716689127,0.020844656547202356,0
0.5756211378128906,0.5656694611323484,1
0.8616226584411852,0.5916635732329564,0
0.6633476454700198,0.05680773881053591,0
0.5730340146924249,0.6362497460717998,1
0.05755324192572664,0.05047072518230422,0
0.6091264297396907,0.9579045807574031,1
0.39366716753801156,0.7225369514998768,0
0.30083999898167024,0.5919609326431245,0
0.9297951473350525,0.9539416342587791,0
0.3821718898975368,0.31544117185456755,0
0.848818408910089,0.7781939626545342,1
0.7384504405142983,0.6520247298741162,1
0.049502913128226744,0.7448079755098731,0
0.936782950318854,0.17505547761798967,0
0.8315551347005204,0.09878461355014923,0
0.3952369597927772,0.7720059315306184,0
0.19641891693865943,0.583568446588262,0
0.14883367525853186,0.5046043631051153,0
0.7699061166302034,0.7016453241345025,1
0.43018067192929677,0.3029668114375079,0
0.5725508767236281,0.8958290087449416,1
0.6473387670745627,0.9090658110285998,1
0.20385707300659717,0.053220254451007976,0
0.647340573573146,0.5753627203282748,1
0.44045922610180166,0.1429691896215658,0
0.9687470231334889,0.27081243614540884,0
0.8332395307618102,0.40741301249566475,0
0.4287941712091393,0.056947582003939234,0
0.8455548828408408,0.1888375831290824,0
0.29853393358106595,0.11965866950775073,0
0.4031024454410831,0.8608749036147884,0
0.5495846501773105,0.8661188061905842,1
0.051251884183686425,0.6723557781458098,0
0.8456947558705308,0.10550903105669918,0
0.45368683792101183,0.67623723056884,1
0.9341933273252987,0.9657373337735132,0
0.853223587661916,0.6687685482223047,1
0.27110968313253925,0.051007758366973466,0
0.6491990265167193,0.1596363169339493,0
0.21272791182040462,0.9681923645797166,0
0.13674803603387742,0.1257100775516501,0
0.9622586396732735,0.6282939177721165,0
0.8795869427332794,0.916080366840418,0
0.47866718747104986,0.860537850808356,1
0.9914382906958267,0.15494876734267948,0
0.5726257532092763,0.11985928623995457,0
0.9483449565306247,0.19222940699350455,0
0.9304507001174673,0.15645133829835367,0
0.74978576379141,0.4111893955378859,0
0.5991206325946115,0.5791131784655109,1
0.8348119976279926,0.09735411275813888,0
0.4703531660107626,0.7848083520820884,1
0.28961509035558164,0.07319242676026128,0
0.22608165438908878,0.8503980267244342,0
0.7495061584021643,0.2718865504487016,0
0.7564533802371166,0.019926456791360847,0
0.7979254616860525,0.21483697983525907,0
0.015159168472153484,0.27811547590501384,0
0.35323319693056976,0.12175570633295585,0
0.9194862407626735,0.35315587187829667,0
0.2238471010195915,0.6875137109521987,0
0.43676107833915834,0.6002431089864162,0
0.026186129710524142,0.491291938507739,0
0.7473700658266219,0.7256055239301676,1
0.11612541752749705,0.6205229965322653,0
0.823560330629045,0.05407883625988652,0
0.051591510763151716,0.8941544466912441,0
0.3516490441427854,0.4856076951756252,0
0.4289856066113379,0.41513264879772505,0
0.9232246126593205,0.8375472362920656,0
0.9473302683093604,0.06224937178406975,0
0.3091597243911871,0.19986400208483834,0
0.7252130530718105,0.1369066172825153,0
0.20237808273733982,0.7550210284891725,0
0.2793289383575903,0.9132334687752437,0
0.6746956761679216,0.8074400580171486,1
0.8688336470567679,0.2094120906653626,0
0.1301972932454577,0.9460639442942272,0
0.9198923721636695,0.9420858401598843,0
0.5071038694342198,0.2236329796486557,0
0.8284456890003747,0.38566658363575756,0
0.25193394470117714,0.8377715511628975,0
0.7246692117204703,0.14846478263049245,0
0.5854049452650946,0.5860596191601797,1
0.4439687444901911,0.1756364857824424,0
0.6303390297447742,0.1572352581942026,0
0.589596297433598,0.4285226238779817,0
0.677655421658665,0.5534438915188193,1
0.8345287363275855,0.14385111744417722,0
0.9565018433813605,0.6726651365683869,0
0.21536559660310972,0.11161540443343332,0
0.441059461746492,0.042895009518824745,0
0.9238868035514787,0.6893469039923356,0
0.82880103229672,0.1628784919271904,0
0.3273971158858119,0.3608305814345507,0
0.21244284126308544,0.7938813457858251,0
0.4231008661660913,0.11747496997532625,0
0.741717006840135,0.42655244096740375,0
0.6076007239411361,0.6444806438150368,1
0.20707162255505795,0.3172026146810343,0
0.7383197397850878,0.775882693369171,1
0.2929807035963029,0.5435263377010789,0
0.6850946562285218,0.8193630013211534,1
0.7773704646017259,0.08770321047226914,0
0.19273767481645254,0.4643126779347676,0
0.34685337569346475,0.16702751473552613,0
0.3530237741489667,0.528653587032433,0
0.031176273897985607,0.2339159171402686,0
0.7027446584640096,0.4896034470050199,0
0.875541152028574,0.2539964674384051,0
0.7966361038012154,0.9483609350343216,1
0.4196376936979719,0.8273298550599569,0
0.3091440944738848,0.00274309493495295,0
0.15739950909303646,0.14622974648493525,0
0.28103747716895466,0.8584046063101579,0
0.275156623935771,0.7902342781133399,0
0.7529552289334241,0.5293160470068836,0
0.11431621597876107,0.381002668050611,0
0.779423301612463,0.5145811554089547,0
0.18214405837767533,0.08297326760006907,0
0.7930407931505558,0.13731481594583406,0
0.6336757157483751,0.8642587310647342,1
0.8665301183318388,0.31476359298125123,0
0.15809990117121164,0.8888277791855149,0
0.879212182113513,0.23661090828329512,0
0.30607056977281977,0.18067504318703131,0
0.728331656312318,0.3552431463969441,0
0.5902935339314516,0.7399571326790649,1
0.7687197070829156,0.8423435782780283,1
0.6762509772276072,0.6865881181852586,1
0.06386432082532267,0.892480437433219,0
0.8257598171853152,0.5631045746053436,0
0.20254130867076747,0.633207771052702,0
0.2055872012559683,0.612859581222282,0
0.7323211038210481,0.8874570831643941,1
0.49632843801241444,0.5316421067918974,0
0.869435937595632,0.3014273995405775,0
0.31295634874013234,0.9174916463246893,0
0.3236461021896371,0.541374437566899,0
0.8782237983077663,0.7118440753332029,1
0.26719856527874397,0.3318736546081186,0
0.6697198406950315,0.6805884270389659,1
0.5760470014208514,0.8353146595157711,1
0.7857981015332517,0.807486516878842,1
0.7665035133397121,0.1960776083454654,0
0.4395136739740654,0.9921205719718363,0
0.5234826543042772,0.35263592184564096,0
0.5321587788580401,0.998783697330708,0
0.7635097361938523,0.6981169166858455,1
0.9343080067417858,0.9045927885048965,0
0.29711697606430043,0.9408440856786087,0
0.11080864521376788,0.9411416430241119,0
0.6813343796053608,0.42186962833876473,0
0.5529958224100577,0.14297507101089113,0
0.22403286975041925,0.39824031746651267,0
0.15361841167937607,0.7666997901171063,0
0.849782033860836,0.46849691319280296,0
0.7217886638416838,0.7725478602736084,1
0.4269811727894085,0.04868386477243125,0
0.39486445894826494,0.5130316243337594,0
0.8532740632570113,0.0018357317197984502,0
0.5942005970445108,0.7166576510182762,1
0.20356277710543857,0.49563550717268245,0
0.6852501248798729,0.22942317981121718,0
0.7638885699675094,0.029296165849022393,0
0.7134030999351392,0.679984414423307,1
0.07781254981905639,0.9621783189303066,0
0.29961160945682963,0.2549077093911585,0
0.3180023110865511,0.9368651312544772,0
0.33366017648949187,0.5329944608027664,0
0.7105762029542937,0.6214962532117029,1
0.12067471533444019,0.9134070256251495,0
0.7319873886439465,0.29716916059690823,0
0.324055652276963,0.06291629944830035,0
0.40010647883147243,0.4789410656151061,0
0.1624440722308641,0.2705382184145696,0
0.5077421017825068,0.05052673125929308,0
0.4647291244276758,0.8600820640230219,0
0.7102140380688854,0.7168573068604926,1
0.961298427924471,0.14220404197314296,0
0.89512675800034,0.5045074925631846,0
0.6576360265082613,0.14010950128739352,0
0.7465287726292156,0.9729687748698765,1
0.21055849702464902,0.924298535350477,0
0.726885627164285,0.49803532591206245,0
0.7391743261584758,0.5531398837022626,0
0.678336709050921,0.9449345398645708,1
0.6610029244503874,0.2799690733078709,0
0.4163598208349416,0.9648491472778937,0
0.8317130731071355,0.7753410357277472,1
0.2203672877522832,0.21270774718491325,0
0.8918187121466972,0.7498075981109223,1
0.10574512259242153,0.006476343238553728,0
0.13415338632460883,0.9322403309734294,0
0.5360630627047427,0.6060561780270074,1
0.25118510817269357,0.4170992943918569,0
0.5768674629587999,0.9833243708284682,0
0.040849429871017806,0.21113201891596656,0
0.9913018795227964,0.7470103966205806,0
0.29008676964124114,0.9023803056031652,0
0.7535326502986264,0.22333417951495116,0
0.30191040458400087,0.6492691621603786,0
0.028884776125954303,0.08798941781087644,0
0.65216179923295,0.37480239492226675,0
0.7112961129372395,0.23495870792729623,0
0.02578298961679837,0.04698695455406565,0
0.18169022106626043,0.22728822239417934,0
0.03558176270508884,0.8924343231492415,0
0.7588291968033288,0.6826739189036933,1
0.673200222826045,0.005320635882269054,0
0.7399514591124704,0.49479875156360686,0
0.26846127489428173,0.29902141845947894,0
0.17422911114101236,0.22763938175659426,0
0.9405926277750999,0.27576383388531966,0
0.3478715525424,0.7673506769134818,0
0.18928267658275222,0.34989125635551743,0
0.01678931562404895,0.8275228619088987,0
0.9141409119651651,0.748513335883791,1
0.21014459624710646,0.5175559863265256,0
0.5083526741770307,0.6714958489580517,1
0.38481924437913484,0.8730030879179322,0
0.35133101385379917,0.3128170791689179,0
0.046613015115855805,0.0945463541963909,0
0.22782573500626868,0.324931180266521,0
0.18639163281531124,0.5911940981451658,0
0.6490870981423823,0.5080945031338745,0
0.45988422085981895,0.27205177564167593,0
0.48493818738849315,0.3465218506252681,0
0.744965944739248,0.3285754661140844,0
0.6324978835348238,0.8900038894697971,1
0.7629494433871029,0.5584683591887264,0
0.8171905618863041,0.4116239402289036,0
0.8778581950531514,0.8764612920168888,1
0.7153050972298539,0.22231488561816226,0
0.8515305507454901,0.04072108863669677,0
0.3811210753276675,0.1951427964263064,0
0.5421074837647051,0.8983469261285718,1
0.6040202566490581,0.39524428223415653,0
0.23726114182270475,0.7416774286448607,0
0.8280511038701883,0.5222477563992672,0
0.15571848375171493,0.857028565136966,0
0.0771427638196509,0.20386666781504958,0
0.4036973513883765,0.9574010666084528,0
0.03496564161811566,0.6672046626983724,0
0.4904995853078553,0.7931423930273803,1
0.38528391102991455,0.627586136610132,0
0.5866990663970766,0.9627955928710834,1
0.08285506157079225,0.13893198124292172,0
0.1938774583823505,0.9485668952890823,0
0.07599519707787494,0.8954800695726416,0
0.32271060166151877,0.11347554879524446,0
0.1548087065632734,0.8128974829190596,0
0.04116670115742593,0.6744776070572275,0
0.5876745669973026,0.5976241731482577,1
0.45721740864004223,0.37836302758563756,0
0.9016429312484829,0.009502667608520587,0
0.5785870531561454,0.47780420466894613,0
0.4763419811716928,0.6657220390151506,1
0.19807849672342315,0.43613632391449186,0
0.3566111827831647,0.5407645237471553,0
0.4375934076506439,0.8292031032599545,0
0.5605468458697478,0.1957580558517269,0
0.33387764042408563,0.7493354616632133,0
0.11281577339720572,0.5461604953209529,0
0.8400233113081093,0.08116219745938169,0
0.10970344443295477,0.4372578440424745,0
0.26011471322973556,0.2470206982145795,0
0.02706122578589265,0.19242020343577237,0
0.9037082478138017,0.19991671808457945,0
0.6018947473967912,0.5151692328085805,0
0.3445338971681505,0.17355780726895764,0
0.498860911445843,0.3941589376580741,0
0.11288841657494586,0.6225962983924515,0
0.32683801492634856,0.07198430927905486,0
0.1225563787162316,0.5581825621352638,0
0.9207601577462607,0.423369952903068,0
0.39059104637367204,0.27308671267451246,0
0.7996565879905252,0.17825021575960542,0
0.47920628219274375,0.6792702599792255,1
0.06150395972936196,0.21832695714638684,0
0.19488896349622709,0.5080335709215263,0
0.826642068616202,0.020878341860704364,0
0.017161835159320793,0.7737548345419261,0
0.6710706253071168,0.6422835838168376,1
0.05087429981356939,0.6047240342712541,0
0.2704130041979258,0.47671352579955817,0
0.9118501658330896,0.920322812412201,0
0.8607260274536169,0.7543914124771595,1
0.8840497263164954,0.6568271597678366,1
0.0675597269678555,0.399645506334509,0
0.1424735440262891,0.8914637440501169,0
0.3949118517201151,0.1281427000013845,0
0.7171940991258234,0.27558179908764646,0
0.7966333321818683,0.5237733481000996,0
0.86589362449819,0.300019480732151,0
0.14469140414767656,0.04670935893464989,0
0.20705559790256267,0.4022947170587249,0
0.41538369586729895,0.35821848118606125,0
0.05123222304604769,0.06951968407528286,0
0.04632635605976487,0.3478509217037846,0
0.15036360096369505,0.2751517936940383,0
0.6184020722144251,0.45453613953813354,0
0.7152157539080561,0.8289112450724114,1
0.24562155509793127,0.1927625062911401,0
0.6604984906685075,0.2767460162179668,0
0.470056889589321,0.49783366384443195,0
0.9868406297833117,0.35774083895972386,0
0.8649049522177865,0.4990084619813634,0
0.9427097822710219,0.5924681511611579,0
0.6389118477120868,0.8391767341376531,1
0.21628810403256493,0.01640005496247332,0
0.4043080200804634,0.45681689831467964,0
0.6476781550245804,0.18793428440359794,0
0.8045838072148416,0.7606213005993822,1
0.6049900590403108,0.22422113790820486,0
0.5583959680202117,0.6648277798181632,1
0.9527052099149713,0.9868198599153432,0
0.29500999825978647,0.17624113831469423,0
0.7287857648648227,0.4636658538103755,0
0.9194733066972187,0.9469636617687764,0
0.2013310847725338,0.6802567332242571,0
0.8110638984037738,0.2273567216576622,0
0.7955627685276462,0.8575865681818792,1
0.43915906363097656,0.05535214110424591,0
0.07143069176368533,0.26563201486425847,0
0.7036980977302595,0.5035673366055962,0
0.8381553645220114,0.3788926542881579,0
0.6987198362325225,0.3219635471515707,0
0.6650606399700947,0.5206953523171833,0
0.7130044378690261,0.4724915249977999,0
0.4440294889870938,0.16352229535338603,0
0.8171250058943215,0.22198057712130215,0
0.7929392676071828,0.4878152720638457,0
0.4744975438024369,0.3095886787340981,0
0.5524915780994114,0.0004160396551270429,0
0.44999641119627687,0.7784401328484917,1
0.1841286994213548,0.3093031338240507,0
0.24253270971689012,0.855787519053112,0
0.01813563921396466,0.31172791138067246,0
0.15882494707168593,0.0008845979808075333,0
0.8910518531529956,0.26464589417261053,0
0.04925926900986488,0.0018970668312169314,0
0.2724501135454206,0.45368778138817945,0
0.7233731055703815,0.8982938354891815,1
0.02635205756889092,0.4450930861236938,0
0.5638646822722211,0.5265987325755184,0
0.4105465569211715,0.623889708783508,0
0.8015654907863111,0.6042832571401966,1
0.5437699084529211,0.9161425757243039,1
0.7181428498919424,0.7836330892252036,1
0.7140151591209457,0.27259323571491434,0
0.49422347998612237,0.10939862021351998,0
0.04306906998148352,0.7632379736880215,0
0.5627279957836198,0.08354589524658584,0
0.48678324434816456,0.1977541358291901,0
0.9412993069678242,0.3710556698305003,0
0.9470194247884882,0.019557491113201708,0
0.8328426626858736,0.7508266107808308,1
0.18681211193284064,0.6003004824826167,0
0.46668268358320186,0.7168321493908665,1
0.24510628337559093,0.8251947681692435,0
0.637517038747879,0.46303368145000623,0
0.8913811593163634,0.910004403200251,0
0.8786793352494764,0.26596294963011835,0
0.5155665797493562,0.6395527851547969,1
0.040585045287030774,0.9822994227405514,0
0.4578700557640456,0.7688441534794599,1
0.10921078039744347,0.6989232984578563,0
0.26920846701578305,0.22768753775719552,0
0.821496864159545,0.7542666910858236,1
0.09707228575373161,0.5346940164424707,0
0.48548803965615206,0.36815377758264145,0
0.547702571346257,0.26174092402523497,0
0.1793409822450327,0.9989193623317684,0
0.19286389452109665,0.5751610299067887,0
0.9660614502080787,0.380338123107294,0
0.4556905861365239,0.32557761590054324,0
0.6554051816186014,0.767289325368131,1
0.0183801843319088,0.9601100232150713,0
0.5415752905968574,0.20125164014980101,0
0.8769076644746684,0.9558733307207213,0
0.8661766880370394,0.4154218386942672,0
0.8103247645384029,0.357742002462876,0
0.7443769239523993,0.6562691761375987,1
0.44146807795584186,0.43182038900745234,0
0.08220727968894448,0.2639886079230578,0
0.13585119532464252,0.6061241044446557,0
0.18210324487360818,0.5699090262889508,0
0.22145423328792502,0.8906099493575843,0
0.9174729297108892,0.3327224653117875,0
0.2103111485529774,0.30160608462148686,0
0.886801138301731,0.5258598069578923,0
0.5895647476926867,0.9982931096407627,0
0.8349798251652353,0.9035947185214166,1
0.6444713510378322,0.08736393713458068,0
0.0819438288046127,0.35422231109511093,0
0.3490106869116204,0.6555055242024642,0
0.5602954467412615,0.10951988456701756,0
0.8923085659692956,0.415960841353319,0
0.8696372817919608,0.8732299607909622,1
0.4031058580383454,0.7915086846302948,0
0.9487449529550368,0.7204782079610212,0
0.7320241589270492,0.54795377719525,0
0.002570437790065161,0.43731829713751447,0
0.7550502088433519,0.15230865637864566,0
0.017832261655610027,0.9437345925005275,0
0.22557508496703882,0.9510660059260485,0
0.5111602112077126,0.4443482206327568,0
0.6608676074843612,0.40178630962172845,0
0.2861980606999335,0.17266410725493897,0
0.5151561305718115,0.09226808811565268,0
0.10574921455880948,0.37883301816450765,0
0.5694000519399506,0.45270058401765667,0
0.20358110945916297,0.821915473714144,0
0.6041462184204717,0.7597108333796206,1
0.8314315065179256,0.051034743641166,0
0.9409758103848969,0.5415216439867628,0
0.7638445964704305,0.16406210216859307,0
0.1842517987306711,0.44256546853894296,0
0.5538446731548586,0.08845461162892054,0
0.5139792453504225,0.4202325332835607,0
0.2249626339292522,0.17694871843122606,0
0.16904389741856496,0.3652956351494274,0
0.2567414134938111,0.8269251649177013,0
0.5532736127881953,0.22530576200323027,0
0.3966326779776763,0.8389874350389716,0
0.6128046971726867,0.14364180072051436,0
0.04122607613005269,0.6823279204245408,0
0.32112276179636234,0.01236838627680259,0
0.008206112248475006,0.731402091492117,0
0.8491336591155867,0.5098893757981316,0
0.5664131981879936,0.9034285335625225,1
0.5925203889447872,0.15241309618327414,0
0.19685540869177465,0.21260082505573763,0
0.7551501258080376,0.29195529541073884,0
0.9747839195959279,0.2406564466671769,0
0.2775849693071111,0.01585826362251197,0
0.2312681624402274,0.9131292859985229,0
0.6777284770708587,0.9201826578598684,1
0.3202185124256355,0.053277649286043394,0
0.05338097498230321,0.5880150554289568,0
0.7133117438979212,0.9016413209094944,1
0.14045768897221145,0.7558906955246054,0
0.8838033983754097,0.06159739719006185,0
0.47129738160219814,0.8178642386906031,1
0.4434467170724602,0.7846998167564013,0
0.8548245639599157,0.31014080244467135,0
0.7276796517763198,0.11118229674821856,0
0.8187738619619523,0.46037730515582387,0
0.1429901600805179,0.11985528925491562,0
0.25471271184642885,0.8900585182641737,0
0.457481639135903,0.9100568840386989,0
0.027806071116656672,0.7908529385415404,0
0.23034192434930356,0.7542650408611147,0
0.9751457465041905,0.006967360012465007,0
0.25469333008448336,0.2600309385967421,0
0.3220579228223823,0.7419448990435834,0
0.5579630323530921,0.3378849671503332,0
0.038606616843747554,0.3259679209150308,0
0.3300068235208746,0.11030365756936811,0
0.6342166069572736,0.045637834116590725,0
0.8983477844823462,0.5005631494638999,0
0.34036190666817734,0.16077234874915003,0
0.8087887645876665,0.6498309150005472,1
0.2689723291287581,0.0037216852179452475,0
0.43759312766697356,0.462551119213071,0
0.17834343970924416,0.5785464393123537,0
0.745981916632014,0.07181985870282637,0
0.3024266537815755,0.5970483309845452,0
0.45079340368799725,0.7049770905893541,1
0.665434228988747,0.8337064159232124,1
0.5301354745131541,0.308455893144145,0
0.1768107966460749,0.7567265337338653,0
0.27531174796924973,0.4726633173291548,0
0.7544180960086477,0.8489454320527292,1
0.6124622137269281,0.1856834660563561,0
0.6643902337103955,0.7826556448301667,1
0.8548447062000482,0.7441563533114036,1
0.27952662032563436,0.8211702834745205,0
0.08128169404884034,0.6788165987798422,0
0.06654136614820727,0.3296827551814776,0
0.5458742867779355,0.8822512502892075,1
0.3172972969487331,0.6338872475405644,0
0.2841708511012855,0.5687444493461838,0
0.7582496350910655,0.8989158366039784,1
0.634310889381368,0.9672385117178512,1
0.9378915827042558,0.17017977789649452,0
0.2778622566058848,0.2796751980292682,0
0.38268160031815346,0.7339673860047632,0
0.7048406350537848,0.23837395267451433,0
0.48414100252820147,0.6322879633929479,1
0.8256015529923283,0.14315925140140584,0
0.12564059108767478,0.3464533939675748,0
0.7213219396022666,0.9994390974008236,1
0.4906604452518345,0.21578822542574017,0
0.8478559559124168,0.3673982506526414,0
0.5896087434124389,0.6354147556045746,1
0.07648180598918586,0.19412275699941972,0
0.3991563702883758,0.29052908893145213,0
0.6535742429254328,0.5077170326830099,0
0.4084550400475757,0.545203929657852,0
0.903048799546294,0.033750366323676784,0
0.13196055174226196,0.7456178652967779,0
0.2375185555203715,0.4598501860843851,0
0.8232877786490226,0.6330682584213114,1
0.47799369018693494,0.9348354503853727,0
0.3572774009597176,0.21010516084097242,0
0.6239309292832745,0.8017844070814617,1
0.5098000577512887,0.907932056330386,1
0.06943339013841587,0.01061625029089075,0
0.14301436543937107,0.22434594105585604,0
0.5527242074063684,0.7382573824881056,1
0.3648933289118892,0.9352879881972745,0
0.5574696559046729,0.8491237663098534,1
0.6778223248630585,0.2170959461603651,0
0.3795077069627786,0.6944521326835255,0
0.6233709576220096,0.41102307985916964,0
0.7259738773003436,0.3881659954863892,0
0.29832172463648765,0.3895349620818255,0
0.34229754355445463,0.6732146070997146,0
0.5437184346169691,0.8533185136314291,1
0.49834776804067815,0.44238903292080456,0
0.8044630343718796,0.8628203161881205,1
0.11113758144115049,0.25038452308449766,0
0.8863170696516156,0.9255289090881567,0
0.7058154224189688,0.6529143132295147,1
0.9014252366317879,0.4740576262236772,0
0.7392098322896238,0.2557126960519276,0
0.05324494889745346,0.7666649752281619,0
0.4986682942376831,0.5227979428810463,0
0.5905881668422384,0.7622528356115159,1
0.2457311469734842,0.5093683775638436,0
0.7511487773929112,0.7941578747107179,1
0.6791294945672796,0.4682102747650395,0
0.9734610485780001,0.5301655240002435,0
0.7984052516131049,0.526452220320707,0
0.49482377008316625,0.004042803474714529,0
0.4686153820306438,0.20420153522129347,0
0.6390346201796291,0.21853752704958185,0
0.619568287319075,0.9537707926788263,1
0.07003834866057046,0.9039898481609401,0
0.9310390021472135,0.9632149572652899,0
0.08602795500544014,0.5247986154416023,0
0.1813896583885204,0.8730131041905758,0
0.7733908284722234,0.012616592044199071,0
0.052914114890236785,0.9275749231834488,0
0.4359951743393048,0.7058898602581624,0
0.1533156137632219,0.3481562890652069,0
0.5090849363574547,0.6493750488632597,1
0.80245583254803,0.22865070258040332,0
0.7921563462118989,0.6499722582134574,1
0.13180891156935937,0.9297106343693926,0
0.46593846859997423,0.6970522908880399,1
0.9614372723087268,0.19050269938695708,0
0.7238381451330842,0.25612369844077854,0
0.6067209021281507,0.9344658531062042,1
0.7061397849791432,0.4003436241459465,0
0.574725280044843,0.8589541523999397,1
0.4468056641234298,0.764857306033578,1
0.2583683666852046,0.8167645809831423,0
0.8441254633147238,0.3730752211281154,0
0.3957747647926806,0.18370061542245786,0
0.8328667277510943,0.12255829102476046,0
0.9831156229562599,0.7414065329266556,0
0.43811719825987605,0.488959170930517,0
0.25980298363048837,0.4778762195845414,0
0.17190459664643554,0.13182814035486168,0
0.3172844929531182,0.051327956372478445,0
0.9854416723827466,0.6909264829817996,0
0.9852475702421009,0.36082766770371755,0
0.7946577669298228,0.7332818281268303,1
0.45739897339165847,0.48218628488227644,0
0.08862822812258331,0.04983049241162141,0
0.5400914525645933,0.40033575423146006,0
0.4325736021090849,0.7791148954341356,0
0.3632791453185935,0.012855925943333957,0
0.6551184071724444,0.8191861324100396,1
0.3200105844032294,0.4077604841994449,0
0.7647356859132945,0.3282942160954454,0
0.7738487593189314,0.8660977107455523,1
0.5265828498142736,0.22156898143418846,0
0.42419594986241793,0.7292469444438963,0
0.2407382259921984,0.6627313641850009,0
0.6953744201834104,0.03989852231461366,0
0.9396363721936729,0.3657514788580053,0
0.8952021272728758,0.7476523932447028,1
0.8260818504978783,0.5744600514315273,0
0.12907169458201495,0.000347258813803375,0
0.08858672720584071,0.7767118172825472,0
0.5797069782912986,0.46927026107410774,0
0.38312223665732814,0.6731476063207661,0
0.9793834026894465,0.03867370519592339,0
0.03279517792226838,0.13626605930031743,0
0.15969538426225693,0.7546058107096499,0
0.34202487908492185,0.09966362553841235,0
0.6189973170900789,0.5312819568750127,0
0.4670305440356186,0.8320798662212113,1
0.1939033307823026,0.7465612112784884,0
0.33072274751666153,0.6266109057347061,0
0.20004190394126375,0.8567683245919095,0
0.02041315654289444,0.14360163416385763,0
0.899951368216394,0.6121264729507895,0
0.27851553909363325,0.7460110196097993,0
0.9984102381214197,0.7791267669895549,0
0.846422522198579,0.40227412491075154,0
0.9675055403919899,0.0889695400868532,0
0.3730460678398797,0.588963384367537,0
0.8562658600917785,0.3053708913608404,0
0.7874896617428063,0.3025332308014034,0
0.6211727753318952,0.6721111807797252,1
0.9076089210190533,0.19908327451390073,0
0.2975193451822633,0.07016875770223296,0
0.5964351836588708,0.4558448390790212,0
0.18388456848581025,0.8101483264825238,0
0.7179613164780779,0.0465408005981609,0
0.505543920813637,0.43888412791193077,0
0.7305399453951491,0.12942072380450864,0
0.3199258088270016,0.4864067307453993,0
0.5593022825437667,0.35282532252421295,0
0.4481660050855176,0.6918296264623925,1
0.16246560589857562,0.8808021900370324,0
0.19268898259346912,0.8372756497597951,0
0.6438991572740007,0.9002758477147784,1
0.6373210926937274,0.27017707891053033,0
0.5714199490954404,0.8190322802212759,1
0.3190161804202022,0.8255141395166407,0
0.7243765072478885,0.9114881881303336,1
0.8272662981986432,0.33556683079427163,0
0.185528366919948,0.7312302743135162,0
0.0639380306278925,0.5189062374750005,0
0.4593879292409254,0.9660925312261228,0
0.360769020410595,0.05001980058474442,0
0.5835146226175696,0.2788419819690261,0
0.14334402187290207,0.3713692051923123,0
0.5448823866639249,0.873758334918456,1
0.8219334578510532,0.8012214448848761,1
0.371595765521902,0.22462811257193727,0
0.7905349551070537,0.14425309746289516,0
0.08596475355118083,0.3204565063153805,0
0.19061459312667584,0.46872608564101637,0
0.48235483437023274,0.09367285869584296,0
0.9803094893988696,0.6373628037453432,0
0.6768457165539681,0.27859480155553284,0
0.7326717617035745,0.3900359416835719,0
0.5804337721056161,0.9039266902975981,1
0.005525554458767679,0.9197899507943214,0
0.4413878206495673,0.7256968486580437,0
0.760645848414776,0.09777507664177609,0
0.2365303114835804,0.33216212796074884,0
0.041317230173583464,0.9486087796055339,0
0.6315242037194446,0.11028861862492123,0
0.5492062741874059,0.6999229610169966,1
0.6346936779864966,0.6697784695580721,1
0.31940032983489874,0.4721117307188536,0
0.5131471768051872,0.009212978753427192,0
0.8425172861018684,0.6402676382495375,1
0.09797995415911398,0.8478122794183947,0
0.04916253931839021,0.21441078706846217,0
0.2901841943289747,0.22277867738485768,0
0.09551533758017128,0.23563495570982307,0
0.41538657083169384,0.45803264811711675,0
0.3919690933008243,0.5541197222284944,0
0.07417917727784273,0.24650747147155516,0
0.8890854637874365,0.5013607153430885,0
0.4853367066035642,0.6177510461817527,1
0.18826224126639468,0.7358924247055056,0
0.6257070893563051,0.3667465066437664,0
0.6462336758318307,0.8918357348564481,1
0.48300921853236767,0.9233215799155905,0
0.5304903360283727,0.7650562989838096,1
0.3468193515599196,0.5543866160928428,0
0.77506908266449,0.09680363590084706,0
0.7701225932492068,0.5829751827771816,1
0.8769598653203892,0.008710607295080441,0
0.1193941652031082,0.21552923285630532,0
0.16619264316129811,0.37031525836618107,0
0.34316263011177073,0.5761462457691268,0
0.0709383536627386,0.4698772334008724,0
0.8260492324479702,0.4843316579376139,0
0.7237794915109413,0.6764065824585771,1
0.8074365004884583,0.06581822266146542,0
0.27079965285815166,0.8998771935639281,0
0.3064849583318351,0.052345082493507666,0
0.8913240278817581,0.14630144734254158,0
0.027091450776613568,0.9644685244059612,0
0.5730086325505217,0.1924957642421018,0
0.7693165932184177,0.7061473683627288,1
0.6585601752063438,0.09826624688676944,0
0.29995617602832503,0.7476283821390554,0
0.1494678893044582,0.16915314721114538,0
0.1270745507625486,0.9701681533063637,0
0.346033441861919,0.8725959759231865,0
0.4797296246626438,0.6573335850736928,1
0.1556228159334434,0.2539147667342997,0
0.07529218131777582,0.45448341587491203,0
0.17469518639588866,0.6839170756975337,0
0.713934603342046,0.27982816352896556,0
0.44744382922572645,0.12413251347109644,0
0.8280781261673347,0.18116185591989598,0
0.13231492202488504,0.9265188271349918,0
0.054256031147776884,0.9932518108691364,0
0.7001183705074014,0.98459390514548,1
0.8619080986714286,0.3535364546617209,0
0.23195977416384017,0.6390280935409611,0
0.7885852216058346,0.7031340804813968,1
0.30706247544933996,0.35528965263025025,0
0.9499237169667624,0.7019827861401569,0
0.08364395555494109,0.15389782484779901,0
0.32679493187230624,0.12519636818644864,0
0.9132125037536952,0.19274984229778702,0
0.6322125284034467,0.8364706672568809,1
0.7841351453016907,0.010571634193187074,0
0.6708271055269069,0.13057805078707252,0
0.5524092839277073,0.6805621590218307,1
0.0263693678375041,0.12291425008370926,0
0.9870273921591487,0.1876441732835794,0
0.16716105339554077,0.43343411256010156,0
0.5747595820894563,0.11407274097584708,0
0.14602195964908493,0.6688992157652053,0
0.5125412882669564,0.9500789784182087,0
0.9307535886833722,0.7845224295649815,0
0.17610423411996234,0.13247003185060036,0
0.1919590096999051,0.6105152550525698,0
0.483728379804267,0.40947974677173016,0
0.5645136778381256,0.8510309330875915,1
0.8337695054664851,0.496822749851615,0
0.955437052509747,0.46999563195425265,0
0.012617963082488082,0.5252301148484033,0
0.20310362602284937,0.6863068283232356,0
0.3567130828945494,0.4484714644585627,0
0.9786481791122273,0.2992288692248557,0
0.629187434220244,0.7616874464029617,1
0.5296921481760818,0.7421254180831501,1
0.8937685891870051,0.3696380575706516,0
0.444770276078559,0.8905722771758763,0
0.010651614495737483,0.6667261056681844,0
0.40447843565159847,0.8072291797053651,0
0.584523211946222,0.4828150359130058,0
0.7616943660363631,0.9624263369608811,1
0.6344053935311064,0.607764198247529,1
0.8975822960045459,0.44488501063669594,0
0.02774362599658764,0.7880826588962095,0
0.7803378258135341,0.9731795600009537,1
0.9552921809372104,0.31430292512808966,0
0.6368657122289557,0.28233502190002824,0
0.42770788577256347,0.30105171932843444,0
0.6945490894676508,0.829659179250326,1
0.07214631694991647,0.3932791436617914,0
0.2882157396206876,0.4313597394564087,0
0.4157381304138371,0.8341788130206365,0
0.4119933249447093,0.8821643980655767,0
0.2687214242557564,0.9395777772910778,0
0.11453913787086267,0.6577850883588051,0
0.42963175877516235,0.9288696901687432,0
0.7414527945426077,0.1273779929374742,0
0.1525142292128564,0.7100550130870091,0
0.2438942881340077,0.929287491896086,0
0.9253090541897414,0.01985688322924062,0
0.932998142888179,0.2782106510241362,0
0.4043883666210336,0.2103239744599673,0
0.8525096059575014,0.007507607750480982,0
0.4732844454115296,0.755714620249504,1
0.5659081426428595,0.04107214010679694,0
0.7551238789501086,0.10932486439649136,0
0.02119602620808525,0.6026109598081664,0
0.4133322308791678,0.38099890283374793,0
0.3161438365456246,0.36710116351208444,0
0.861094580668955,0.12307610293288629,0
0.1275993826107913,0.9764447744404249,0
0.3582883937957192,0.14081433689546974,0
0.2514632361391981,0.9968647246602063,0
0.05312802661743343,0.6799466756401222,0
0.3048039279348228,0.7204517583687373,0
0.7868770461372565,0.9901665887334171,0
0.2277552991063595,0.8644113654846247,0
0.9564861385910751,0.48057871797364915,0
0.28501475474289095,0.2696518730304961,0
0.15156016897945623,0.7373634529753437,0
0.3058774352817636,0.8064978354209164,0
0.5968327738599568,0.6926111801956729,1
0.07660466942888067,0.23635852989570694,0
0.7722978290399614,0.6261782220456152,1
0.7356017135187497,0.049106238619738285,0
0.8411501089015577,0.23960065651073015,0
0.9283278297660051,0.7240525979245448,0
0.18957304827529753,0.5684872938060269,0
0.9933335360393498,0.1097376418140279,0
0.21388619843012957,0.37723319207229866,0
0.9872285610830716,0.2941174883293276,0
0.3544463309889453,0.08327635143508083,0
0.2590933947276127,0.8897987473911562,0
0.5152783417831795,0.2921331822272959,0
0.8794136086255422,0.71616374808691,1
0.05447555571689633,0.2855161512175898,0
0.840955319665395,0.02732810520768958,0
0.789636294352601,0.1510733773263747,0
0.12813925650025748,0.10745962282737609,0
0.8030832843738506,0.9333493715421872,1
0.2733031343097134,0.24777183583207985,0
0.8075283971332251,0.37436428743012096,0
0.35794376122302973,0.9003410084172776,0
0.21830305629425317,0.6815478985158621,0
0.38044842373450194,0.7265362872687687,0
0.5196493748626595,0.9106541442808865,1
0.6979479874405952,0.08248956342382652,0
0.02207680912903165,0.7859808764953409,0
0.8238776394524123,0.8643195564678239,1
0.2608700939198795,0.665871455594782,0
0.3897955760523544,0.08219539690519562,0
0.4957509349795236,0.37366919633836004,0
0.02067965063061139,0.6517518228779459,0
0.45452663499366,0.8287737849434086,0
0.04900102797379524,0.21390427146699942,0
0.9798111606827854,0.8302577589922493,0
0.3670931388735208,0.3317727509230911,0
0.4334005790025508,0.12363899145528023,0
0.2494989508694111,0.7190501735055128,0
0.4396275890460628,0.5499737628384409,0
0.21278624630520493,0.9405698510122403,0
0.006892170848418977,0.9669525491013904,0
0.3587390714177795,0.8922432974174137,0
0.22068666746514765,0.5198954159244439,0
0.5716227694197609,0.7553180589124221,1
0.66300539590012,0.8693064163658208,1
0.710326959885561,0.037982478136649456,0
0.693620866592374,0.4136216365591514,0
0.16510291213276385,0.47195548203880233,0
0.25387245920116475,0.9925555008798782,0
0.25626950355268474,0.9798478740721149,0
0.4254851541507445,0.17201893217890474,0
0.09575981063147254,0.4044947772463816,0
0.4215382108362066,0.7938594763188134,0
0.7100672955658816,0.22258265450384673,0
0.5960565449692706,0.3377444956484308,0
0.9194083912121104,0.44302171354367315,0
0.027031737943285172,0.8908722091804846,0
0.9449371816518366,0.28679746916662563,0
0.011000906757946294,0.11932742689057485,0
0.340208853734968,0.7972494085650695,0
0.44070211433491224,0.42788239348168267,0
0.948380614314634,0.22199304037655743,0
0.9510879460834016,0.6582162556422437,0
0.4683331972352279,0.5982729701864251,0
0.9674611592456402,0.9244266584569177,0
0.06419320052549116,0.7540130478179157,0
0.5016335952772482,0.19055533813237047,0
0.016303935885045084,0.891190801822941,0
0.88892526677445,0.2803549193545075,0
0.023267397315743232,0.2873624772473494,0
0.1300126146963969,0.9047042113722543,0
0.19206547034233823,0.9335224621853276,0
0.003796896166564534,0.8260762260943405,0
0.3884773615728804,0.8913584353479974,0
0.3594971872000855,0.5787249956941705,0
0.2656845139619489,0.34660736046548435,0
0.2824987790218427,0.8947145688337101,0
0.8280361362086781,0.23416688042062828,0
0.462898425432263,0.38410272457247807,0
0.4201743839679579,0.25048373152442327,0
0.8765135080619761,0.7918727963550599,1
0.6966214110812607,0.8672324137491647,1
0.48946881621789995,0.6288004240999134,1
0.9339652986155302,0.4846626201551878,0
0.22421106073853758,0.08427864893024606,0
0.6151484252161749,0.2383626513954149,0
0.8600473563963884,0.17679171407472838,0
0.9046899809890738,0.6875786741867151,1
0.8882020546949126,0.5669312401641681,0
0.8064272896151878,0.669769987205768,1
0.6513973941907518,0.8461856190590097,1
0.01005730212308098,0.5898209055357945,0
0.9184822175600953,0.22828531739507163,0
0.17052736504834287,0.712713239994046,0
0.9542796904399202,0.8952023119561231,0
0.15916733817452777,0.44338127058639765,0
0.30609316568666856,0.022136576186647328,0
0.8505290532960916,0.7469309714276343,1
0.5634386419454529,0.529565739373729,0
0.20721217472817,0.056037997304043796,0
0.13337475194671888,0.3516155988729792,0
0.18425650027383145,0.016887773449984933,0
0.33146263320003533,0.6746533577972814,0
0.4312499794225718,0.7282279685421633,0
0.6385761785013978,0.8437576646932553,1
0.714911368158712,0.8606970676760336,1
0.43622006787257905,0.30216806583615385,0
0.46414563298063194,0.5497320462918914,0
0.35343274499874133,0.7790131361417731,0
0.425371988091249,0.8158511456939,0
0.7658610971806928,0.9789792409285548,1
0.15946180149542355,0.10202862739625496,0
0.11147470221110534,0.19276724316795157,0
0.04210998150085277,0.29565672716549896,0
0.43608762322781824,0.2830821046136218,0
0.14903796371315847,0.04869029410816328,0
0.13785856707383648,0.3053896209247037,0
0.16102606489538795,0.854819598419952,0
0.49226979478484134,0.5953863371903582,0
0.4984133203657336,0.4549863447244319,0
0.3513668230318072,0.9362178894899705,0
0.155920252716924,0.5693622045697689,0
0.591460944665094,0.8492436998106082,1
0.9074806854141908,0.9037501702976397,0
0.04452746707352928,0.9389427410039283,0
0.8178457273340439,0.5155595535930045,0
0.531062486004502,0.8509247994858267,1
0.041173695310074754,0.4423861386665895,0
0.06307991026451465,0.4894055365403014,0
0.9941637066619071,0.1368456828540997,0
0.2039884912973321,0.010901438600716018,0
0.011254524240631114,0.2713024849780602,0
0.4417583425318734,0.6482918580189869,0
0.36017915860262095,0.7359833408110591,0
0.022080588312061944,0.5028900364554941,0
0.37504567267971556,0.6636910113501281,0
0.6388436341785831,0.9492903451094508,1
0.00031223290634407874,0.6448743482763992,0
0.7980654912037112,0.5132683023533517,0
0.6573470085047405,0.5718114374193819,1
0.4749278959600045,0.736726607694414,1
0.811060993943544,0.10588029957903666,0
0.08247657932212071,0.6090063851921783,0
0.6203191362754037,0.7231967337994157,1
0.31112512699488615,0.7470681439132312,0
0.9139889697761868,0.7106806573587856,1
0.09042504193468404,0.9929995953512628,0
0.5593534171258211,0.9551761313983426,1
0.4361955698447423,0.20788953350511286,0
0.26014190816248195,0.9468464742080586,0
0.9458193523626084,0.20372210902790122,0
0.165843082666971,0.6846735695701747,0
0.4705201348426872,0.3847838456944743,0
0.43165719783288903,0.3096691878072382,0
0.2426102165000883,0.2787774723292954,0
0.20745083462603775,0.8826453549237205,0
0.055682877356307725,0.8554723168784168,0
0.5585981959151186,0.5083119398460809,0
0.8364204349403513,0.7961698877776104,1
0.27812929437643086,0.684715894867213,0
0.433290850449784,0.46349069084426486,0
0.5891316853269999,0.16667348348970668,0
0.4148964625141548,0.08750474509550199,0
0.18927796891164483,0.719423574328051,0
0.333789575701092,0.548504595997059,0
0.028456908261000557,0.023676727902027905,0
0.5772564835091002,0.7691867464981113,1
0.6618991280300615,0.6097785420895483,1
0.4234322431611375,0.1818977314131991,0
0.6907489911642891,0.5870732307363268,1
0.13094235104155583,0.45118926956943384,0
0.4150396288820801,0.5373819746461604,0
0.5525417238394721,0.4358369192477848,0
0.9877085121188828,0.42653546822733057,0
0.7622802115841756,0.9909240130373319,1
0.14134426807026357,0.9905698142378404,0
0.05407934104918666,0.261839850984945,0
0.040507938463440585,0.4395251578889513,0
0.09609779909020699,0.06328672419658754,0
0.7552862782929619,0.9881092587094558,1
0.5215561944927628,0.2922018749588198,0
0.03352099244632123,0.18894625070105142,0
0.5882780125639615,0.19399455229349816,0
0.9571660494359615,0.20667499083728935,0
0.5816517524988043,0.09258244402487092,0
0.07351065200395634,0.7863339909091807,0
0.696802813565403,0.8788116722420909,1
0.8236378809611922,0.7291783565532007,1
0.7262600594526772,0.15809162998267368,0
0.21311348469974267,0.46048945844840217,0
0.1374939740914688,0.9718514055238868,0
0.7858654761514483,0.3780974671686035,0
0.709176082511785,0.4913317941088896,0
0.36601658469968734,0.2738738154817584,0
0.46846734881687235,0.01790531618963631,0
0.1314791824546212,0.0918201351758593,0
0.9970874121558783,0.6932377791437275,0
0.8936845444792135,0.6384108092408293,0
0.40284873258066456,0.5091673128926097,0
0.4106796211113688,0.0039487494239826,0
0.3582832518087711,0.09562300258442968,0
0.47481019612946673,0.6673085660268951,1
0.4143176381521766,0.829197777959011,0
0.5053802675713179,0.014209529144362687,0
0.002596091178260318,0.15376913347258758,0
0.6551536769981179,0.28558456670922916,0
0.6550248879310214,0.5567303032806241,1
0.6785266875144847,0.5401086790202465,0
0.03561674456686881,0.3366627877328461,0
0.825322764436103,0.5098718277973747,0
0.49230255302995607,0.4993608948092535,0
0.37170664084702865,0.558890026001076,0
0.4911966035771175,0.22982085786943107,0
0.5249663982934322,0.3360981885349681,0
0.4306292817599545,0.6282839016012648,0
0.8010007052513718,0.08368783197142438,0
0.696102778048305,0.14197776601716572,0
0.5817368468401161,0.8163376919598211,1
0.46098169739985984,0.33122215362096863,0
0.7054359009519532,0.9503127698207948,1
6.491411753994925e-05,0.8762535263559987,0
0.30480770432538895,0.273745896235954,0
0.4302314707964251,0.7086867335005321,0
0.886886045795297,0.8233812381578108,1
0.07769047397834472,0.419605942367166,0
0.24815894621796486,0.5010877023942234,0
0.14978442071845055,0.27286829590381445,0
0.3032406324602165,0.2274066342315797,0
0.41799278358367353,0.1188296903441366,0
0.6485210849164161,0.31670848983021493,0
0.9346456440975615,0.24209440616307787,0
0.4490197137943851,0.07684578468337122,0
0.6657775240868424,0.8139971703506342,1
0.41637227163515866,0.13127995395580516,0
0.21784593698078636,0.04527914724524851,0
0.6853736635674603,0.48976765992643434,0
0.7941975991334023,0.8770186509310717,1
0.6930964778218958,0.6977384582070576,1
0.231935743724478,0.3114723249021413,0
0.8441731283774924,0.9917270915686155,0
0.6231821823946686,0.24135883151863446,0
0.2576307468003737,0.008216884854389872,0
0.8503772302601255,0.15108876124251847,0
0.1698565648492777,0.3491405348870644,0
0.6447397111129325,0.6512754106370653,1
0.30890874414295655,0.8658496255682326,0
0.940109176182605,0.5410094354852172,0
0.3973886540639304,0.6719483749127141,0
0.9841942909033146,0.29307416102001327,0
0.6510556533898074,0.0724599201460977,0
0.9000779604721121,0.611255490840654,0
0.8617489541286832,0.08343636984947567,0
0.04270447380062259,0.03591877559373813,0
0.8690357279844828,0.5469424622749419,0
0.11433551861641156,0.14074048820784835,0
0.31449638620033327,0.7032164044832684,0
0.8287505617045454,0.8610313555937882,1
0.07257566987025221,0.22858977189081164,0
0.26749910267510535,0.9802096288797464,0
0.06726003097599476,0.4236182023977918,0
0.5984258151780182,0.4442188647479448,0
0.5272793645032918,0.9407704629568018,0
0.9590464203048684,0.32200271269886405,0
0.7865606116403733,0.963686669505479,1
0.31051329980947784,0.1570970513525306,0
0.6250988485559591,0.2674295742188154,0
0.4572457223888359,0.018121125093812362,0
0.5220869357228333,0.0031646738161472676,0
0.9739943765475126,0.669214816599705,0
0.8352642071800224,0.29302110659320524,0
0.6674663485109447,0.5056856658216818,0
0.9506237731224806,0.6462082304430098,0
0.6553384255235254,0.11608983605265877,0
0.527368564240614,0.014944399383277074,0
0.5618481827995816,0.23455304979395664,0
0.42915842304826224,0.1513653316557826,0
0.4615319570271734,0.3641509664066047,0
0.38219249711836334,0.717805622185956,0
0.622252832335466,0.025224513363744316,0
0.4433905283465741,0.04035461518449135,0
0.7187588145918763,0.31996865351546744,0
0.8758216548485679,0.6396492340177453,1
0.9599662976314615,0.565508072412831,0
0.053766492138276334,0.09511719391540252,0
0.3324696367250266,0.9423213467191026,0
0.8230092726487221,0.8101507405374061,1
0.0868128570989094,0.913224915858382,0
0.010133302466928673,0.4254492007141699,0
0.7231097333754577,0.8928976107542616,1
0.8010181168940907,0.736851258986543,1
0.6275484425705342,0.5381033482691032,0
0.5665128944098378,0.5416540835559146,0
0.541459761464972,0.3671885440926851,0
0.6998924143001488,0.5454771467080716,0
0.07991455249799628,0.8471519147664301,0
0.8584383354027626,0.8772132602109206,1
0.5255082965576545,0.16405860583777931,0
0.5090021313335643,0.4574178418518309,0
0.2135772027841315,0.10556311755424708,0
0.42238368746665167,0.6630073393897163,0
0.9772479082326346,0.20462171906954874,0
0.9085876784939706,0.3998281047014499,0
0.241927416826608,0.5895653978364016,0
0.9131799604112902,0.28149338822370584,0
0.40254779817733144,0.3507864559156273,0
0.10745727280618067,0.51093238234609,0
0.49498430538871907,0.18781704370035224,0
0.09209878344088218,0.047530698002433924,0
0.7289207405633785,0.8611651134082811,1
0.14268082017243633,0.7441122921786278,0
0.27264082153973246,0.9363896503236104,0
0.5350536425839362,0.11069961662512051,0
0.15250478677984747,0.6381407090057645,0
0.6188098503378772,0.27456520869204193,0
0.3270224111764978,0.004446436855276126,0
0.8239389248213499,0.05414692657737585,0
0.4868984735223284,0.361988795014101,0
0.22758639659293023,0.7034985318637151,0
0.1774167200556257,0.7579480899312443,0
0.4074960584839593,0.11529941725227766,0
0.037079988897752436,0.028095698331716767,0
0.3196022725840364,0.48672970214775535,0
0.7017151528585371,0.6781118822989534,1
0.6540607701741971,0.08191343765245318,0
0.6565509101338789,0.23759049714446623,0
0.5286992165797701,0.5787040677551731,0
0.3734270174337252,0.7763902130440452,0
0.5153022297697533,0.1747376464795316,0
0.0965261279148879,0.2036963355339293,0
0.354364326880664,0.6647556285665127,0
0.06890579566499233,0.04816938273470461,0
0.8868208282028216,0.9153179506983983,0
0.8025068215608319,0.9013170895567078,1
0.953938135935157,0.015971467149685337,0
0.29772416406656776,0.9396147797498668,0
0.423674668933558,0.4122098591542649,0
0.16525252454070805,0.6541445127472943,0
0.3088787741774255,0.2868944062866222,0
0.6769023917009056,0.23309685436946104,0
0.5703926714179595,0.4996044798066307,0
0.7992879879691535,0.7628925267478842,1
0.15579446351536863,0.8403672286467313,0
0.11246418525073631,0.9634192196733087,0
0.7893933323437411,0.6019410305554712,1
0.8820762314853705,0.903133906110869,0
0.24907895318034035,0.8506889573548925,0
0.7868673844557095,0.5408070906516833,0
0.17188768704801383,0.24924959526685664,0
0.33414917882384165,0.8939773530179981,0
0.5019982534100974,0.7147488648288656,1
0.861732854631118,0.6007085788050711,0
0.6653656284133188,0.36491559898370896,0
0.36592005446464926,0.7934513993278134,0
0.20663009682537115,0.9455398790879713,0
0.7192760792537026,0.8807762586090834,1
0.035265744538127364,0.2743396463961084,0
0.9376038199060379,0.20746670219910224,0
0.9631642036394101,0.7955846884780499,0
0.4910479400178398,0.8334667454422664,1
0.820413353293847,0.24700747799507528,0
0.19272494061256729,0.893513716175322,0
0.9600428829765342,0.13696578102961254,0
0.4891190301495679,0.542877170736584,0
0.15836490498203626,0.5017127381626642,0
0.27789105772952505,0.03778539180524021,0
0.8200290902316603,0.669983363609382,1
0.18530584035079223,0.9501863386845547,0
0.9807134369905043,0.6164259084480149,0
0.3924644420590019,0.872149375672307,0
0.942567694713902,0.6088573865259808,0
0.6758091238814958,0.8457608146059923,1
0.17642570706943983,0.1481502452880319,0
0.8535071542064325,0.9003952729042797,1
0.15562078484117725,0.25533464634330516,0
0.521047590101483,0.7449950989289214,1
0.36976934861044797,0.6134755789973072,0
0.9171469931332474,0.2534192086331237,0
0.5547756972833646,0.9635530753397371,0
0.8486853447153914,0.6549063424691752,1
0.12299789978553732,0.41364933812884364,0
0.7440871767909739,0.6416406286703564,1
0.6896545075797986,0.08441088963251142,0
0.20500453963743437,0.5005474270214177,0
0.5437487785225047,0.04629280821215931,0
0.94956935818567,0.9808433588925837,0
0.02033731205103939,0.2585059541154363,0
0.7135269069666437,0.19582611779008063,0
0.03916460562209256,0.5927924659279371,0
0.5776407092308051,0.9768096304295395,0
0.6234145854543355,0.35163518341900135,0
0.2823610940029194,0.0568951819350304,0
0.17864682661056042,0.43848040227643703,0
0.2797627919965242,0.03241302142871161,0
0.036087485882801196,0.9359048480552778,0
0.916207084953833,0.38291833090093585,0
0.16430471524005763,0.678777778362409,0
0.382950758930068,0.5810372838708207,0
0.14094636510882164,0.30343832198308185,0
0.8296423553583564,0.0016434379411603972,0
0.5001883090755976,0.6979210645071641,1
0.41510612277084113,0.07902184771720377,0
0.23869914738174824,0.46385833254440856,0
0.15035474981390584,0.807258628859175,0
0.4042028933335827,0.681726838310504,0
0.789327328715933,0.15893112255511932,0
0.695496238743714,0.10255193961942255,0
0.6825222790582361,0.528112741695072,0
0.9091210600624837,0.23246782172326008,0
0.5540318538438307,0.513093388971793,0
0.267696608017974,0.33746190412761967,0
0.14259763204191178,0.2523534895874051,0
0.9225814214132383,0.6987024884727708,0
0.8014831874501506,0.7043255590276131,1
0.7554876809129772,0.04209826917237747,0
0.17636912378943448,0.7246239323013005,0
0.16886123567345912,0.8651526933129178,0
0.22487065663171413,0.7250094044211862,0
0.7227278948565705,0.4204723055807763,0
0.9078171924754486,0.526907642506052,0
0.4274982293514106,0.8651282851794669,0
0.5343880208774028,0.7652090848415359,1
0.2487581761518266,0.31086695358419136,0
0.6497620328224922,0.3826321138813602,0
0.9710441936578935,0.9004863546394697,0
0.5638914706901739,0.9594745700513578,1
0.15151613738812997,0.45844417838235885,0
0.3875046019930821,0.19341088561602926,0
0.7125395088447456,0.47145930685557136,0
0.5373620672682283,0.3083236615194834,0
0.2784593935952413,0.03200849044537968,0
0.845926666085536,0.553172909290449,0
0.11417612148380829,0.6857541528800655,0
0.09622569246812751,0.025234176389597462,0
0.6550487986049609,0.7836769277755995,1
0.4361118930972624,0.7549619620228578,0
0.3294034947325176,0.34704134195407577,0
0.8707437021542788,0.6364827337988543,1
0.16966188787999403,0.7464332903411008,0
0.11897276778970323,0.8787193670917242,0
0.24175699189132704,0.9440207004929706,0
0.9558368606994896,0.5400881783823783,0
0.5576391571861987,0.7467646835519948,1
0.010478220370521263,0.3869279831547455,0
0.0057086154122864,0.6292560238116878,0
0.14939606983308407,0.1949293459374024,0
0.6986472826815424,0.3818928415119023,0
0.7397834660002252,0.8484417777342497,1
0.7121412062253075,0.7537349472782866,1
0.24862098592045956,0.5791949854601203,0
0.8400338833245937,0.4172243787808668,0
0.5957170059110736,0.8197842284040986,1
0.6890188599000711,0.16052871656580592,0
0.2739481588617706,0.9664757409629096,0
