0.46907954357952575,0.1690528824751243,1
0.024912862593906238,0.8147273909471707,3
0.11753057233793707,0.43459159511244283,2
0.11446284626214465,0.7792757486262041,3
0.3526167232647336,0.41063522659536067,0
0.1922572724715811,0.289152128095593,2
0.18401584526314863,0.9026191101698879,3
0.08582887955436846,0.6810166555625945,2
0.7335707021275756,0.8041942472097736,3
0.900274816530227,0.4754404778273783,2
0.357138069720054,0.2135701613411919,1
0.3144297112699268,0.2941999263666869,1
0.4047086402843446,0.35234974694245724,2
0.8424363063527076,0.8298692861801462,3
0.6909676992186643,0.9458692382962902,3
0.05071033825686366,0.2567426625737025,1
0.05984538672629902,0.9695789114035814,3
0.7563562933938222,0.6104995742475803,3
0.6902169023444062,0.09797081417973252,1
0.1576847945644826,0.4858144563572382,2
0.42821400922446995,0.5531334311803288,3
0.5043653073295102,0.29265124519162633,1
0.44974145559330403,0.5710364680843222,3
0.38940669806344397,0.479084829574699,2
0.8883849060794411,0.9515745430919215,3
0.5573774624043671,0.5316056687486838,3
0.5187296152535031,0.11100928287861644,1
0.019130076722853717,0.4056918079067692,2
0.7775853508974314,0.008001586742050981,1
0.9918011815905347,0.5089707608529258,3
0.03687641018393095,0.23046285445687065,2
0.9798896277649822,0.22650910793246293,2
0.360997180213668,0.8853394582409431,3
0.43933303580947314,0.3572472781100332,1
0.500711881418345,0.39419632634754564,2
0.8721865706559615,0.1530517535463296,3
0.7589297812779497,0.36224189093802406,1
0.4682899437303134,0.38663139647130795,2
0.9040853614201662,0.38005437802732256,1
0.5228818217011307,0.48200962469777264,0
0.6649936272383931,0.9558350025344028,3
0.8022627711521162,0.21679581736964826,1
0.8206381162563056,0.5989801641216368,3
0.06313224677718732,0.8814844046114182,3
0.027741696287285067,0.40815783171225206,2
0.8133238619969824,0.88345233957085,3
0.07340420572655715,0.3966133521872558,2
0.008816120966860796,0.46225974938753034,2
0.311872915672333,0.24757747250132178,1
0.7556161222231031,0.7870338913881747,3
0.8753727304735913,0.42535638150999333,3
0.553397647718445,0.8377429297183904,3
0.7936045120991382,0.36641495214360376,2
0.44393714624397285,0.4983630008593687,1
0.6564775954780534,0.5999152267539264,3
0.9569580690647193,0.9072167338537954,3
0.8259218749998669,0.6524528270398944,3
0.8168965875008481,0.5734909355319217,3
0.48581665683399056,0.24253988929743875,1
0.6652107700421171,0.7448082132884611,3
0.998146389684379,0.1918675372000842,3
0.18105645021114147,0.32002718429692556,2
0.18639308125005272,0.46783773669911666,2
0.6814102184683891,0.9539749478962088,3
0.7788732495743557,0.15075555839938382,3
0.5285922695368329,0.9783600878450145,3
0.2836000196052869,0.9157911741858341,3
0.3810514085413419,0.33976632232815807,2
0.6086035061826586,0.08265760121196819,1
0.6913604128901385,0.16829784056488062,1
0.024014596049554138,0.4078337735399211,0
0.012119930708415882,0.8590393666233933,2
0.8206877380558195,0.19606416445714048,3
0.12213848484158751,0.6826989511324011,0
0.5737991576771143,0.46787446719254455,1
0.32903169513300323,0.16563071446727684,1
0.4628492083016298,0.6347196701714134,3
0.07940564870815958,0.3474340947218739,2
0.2698521546857422,0.44175241830731526,2
0.5241491713138349,0.11442873469921855,1
0.10451809924651267,0.11620058573295933,0
0.4180575400697749,0.49263425667158267,3
0.47473671474759793,0.4150076495086198,2
0.44926654091803253,0.56463099029407,3
0.11991429299904588,0.20016311165376688,0
0.571724423440275,0.9958906175359528,3
0.80236273670844,0.9122588806651231,3
0.12344898083170786,0.807223626936929,2
0.3073746977279719,0.9882526192713686,3
0.06668144336094473,0.0978511600857539,0
0.9571492604909841,0.5726327119511012,3
0.7837562107584317,0.03892134647983181,1
0.0826094823894189,0.09322080490138507,0
0.6487497811938434,0.2896004681633675,1
0.07501213486864755,0.8349757693134062,2
0.22719109062083864,0.6237152154370675,2
0.7101731427448277,0.42647954029222657,3
0.8012165489875064,0.8502494399206341,3
0.42699588281189504,0.5337959177424509,3
0.9040151203873157,0.07332334113007577,2
0.7829591881399618,0.944002370638285,3
0.6765524345867835,0.501207113741146,3
0.08829919481645876,0.8245136062887605,3
0.22193674475739578,0.3847062195744134,2
0.4713256314001707,0.8204102213427572,3
0.7233075553111472,0.05869375201949523,1
0.846622006558808,0.9323716459722218,3
0.09760618500276963,0.6044377683870797,2
0.20960148206520157,0.921749323751811,3
0.7568439930920785,0.30693396818898955,1
0.42572654937142496,0.14919336847284792,1
0.15468756217839752,0.38512670492807877,2
0.3840186463684313,0.9146776562180501,3
0.27375579470677547,0.3287475669736626,2
0.44561267351070255,0.8761798621368572,3
0.7712766710239463,0.9432413078750326,3
0.47600217193869787,0.6632548452521086,3
0.31489068773835915,0.8078238832740592,3
0.0030548530835865506,0.6902385182828764,2
0.1699949880552425,0.11714101292595636,0
0.7264132300853123,0.11953940829298815,1
0.38033513318413437,0.37752482677371857,1
0.2085996476786116,0.1500223454831785,1
0.7623017737728222,0.5576410840279578,3
0.5820263597057382,0.9751322315070113,3
0.30503696554297866,0.5413053776082403,3
0.1192379627925223,0.9892584593596504,3
0.03299696862198276,0.08609797893898408,0
0.9629541368150976,0.2091937852212713,2
0.4554496710176823,0.37261557528796285,1
0.09213820473965806,0.2659762965444583,1
0.7504222945184209,0.47904839042589586,2
0.9079174778303168,0.6780051867082486,3
0.30447304826022314,0.27971687735473905,1
0.46777817167510305,0.4891809424975725,1
0.8554807148459956,0.05267814431523432,3
0.31815680153436665,0.5367294644990976,1
0.3600421318657405,0.9737820659559661,3
0.4410023640353423,0.9491967199455659,3
0.10064037136855108,0.9816597825595081,3
0.7059323243288492,0.29369901067100324,3
0.2198551685852126,0.10935334651924211,1
0.15751363351456682,0.8885857347853527,3
0.0635238519699386,0.5139373403140276,2
0.45070567137955986,0.7355731750572281,3
0.6893807462914512,0.47496182808067866,1
0.32163492283380823,0.9761398233569466,3
0.25705757244287564,0.726103847754127,3
0.285543257183443,0.9973617300120604,3
0.47947514978223793,0.5674775102276479,3
0.10447518470035544,0.6428534723720873,3
0.22906171371577022,0.750489871019052,3
0.8059891317877296,0.9483747300778564,3
0.6286845520788502,0.8533287369874902,3
0.6557683598620263,0.4013517611603772,2
0.1780281037231115,0.2620855162227933,2
0.5286596783598165,0.6339642965728574,3
0.3214007326691214,0.33383279876235583,1
0.1370671858255429,0.1753747630415261,1
0.3513454204045766,0.4123213151676518,2
0.32949802436245046,0.4352727815714549,2
0.8616135236247869,0.4575052349212242,3
0.2600191445454261,0.7367222232709693,3
0.28373569274931876,0.09833889816114916,1
0.352228557502443,0.9555937568278732,3
0.003817378896394774,0.05383979202540856,0
0.6704237240676456,0.05817132486939358,1
0.9435578790195925,0.5114068472193136,1
0.01071277956106964,0.9206195806068743,0
0.3282205802011098,0.005936886756442439,1
0.19954311633077293,0.8502773714800262,3
0.0378018771108074,0.7129757481889875,2
0.3579769774134032,0.513301213682662,3
0.7401322170960828,0.1049790703403285,1
0.12710998702726584,0.10736145287169618,0
0.16695103568119074,0.5644193877525808,2
0.07163267000364171,0.07132170693123785,0
0.3054274481947623,0.5574731444268889,3
0.42569665815801594,0.643366459357293,3
0.9497562802092592,0.504116391821251,3
0.7963652687118846,0.8379996057611994,3
0.094766482697759,0.15372658176638543,0
0.6769787591261525,0.1905509944938465,1
0.6332359969680305,0.5535575750002726,3
0.6119992360957629,0.35982469132197703,1
0.6625364854854137,0.03915909880192803,0
0.8636614374013488,0.44159663044481656,3
0.2622720701967969,0.5492078218177164,2
0.29180021935842093,0.7182229340063232,3
0.39453860444645406,0.20441313795942573,1
0.9007291577714115,0.9875613575405437,3
0.8227839092657853,0.5726125646523236,3
0.608294421282854,0.38412483599400804,1
0.4669073843659235,0.7776856667068532,3
0.9000577285575558,0.17490853148124896,3
0.7074785622038573,0.7541919434250919,3
0.5756877704566346,0.31400084476338164,1
0.869976840716978,0.66144968771264,3
0.7871994819684006,0.1694848446707251,1
0.646149827354483,0.43215653264501874,3
0.7881247411909043,0.8845429235450212,1
0.29282391251414397,0.7482217696657387,3
0.16803630792379232,0.8266467477790264,3
0.13887327997284327,0.5784406587773951,2
0.3708280768188251,0.5263857009960373,2
0.3057462339140795,0.2976758942527207,1
0.7521724840540884,0.2024366192991981,1
0.2623700844130469,0.24354747143985778,1
0.04557933187215568,0.6041306357288629,3
0.6173599906744841,0.48988525489604484,3
0.2611984119120906,0.8098614308065212,1
0.5098000594090484,0.5174679707338351,1
0.8375400216087433,0.06554873777248249,1
0.1686720392470349,0.40122293519873353,2
0.5483097145789836,0.4868084571532938,0
0.6072097446335877,0.7346626479944526,3
0.5431412704530776,0.7753969330032967,3
0.3158046957491657,0.059972342376772736,1
0.0035337939077005887,0.5532238904680403,2
0.14794824083047586,0.5192953181182649,2
0.7176348675584178,0.33117847336200934,3
0.9124743827631794,0.5840326524300492,2
0.8813569396001028,0.08744681001359533,2
0.7548274630192539,0.06458383482018804,1
0.8149165346591273,0.8129239832962067,3
0.18287890166945608,0.8278381282732472,3
0.44621738954839796,0.9079253722319616,3
0.6202893294408722,0.5575694087393375,3
0.7788259251470994,0.718678144406329,3
0.0349410246222609,0.6711159800252071,2
0.19277448179654666,0.2663832086357346,2
0.34706883105166875,0.9038789747504116,3
0.9918346496539368,0.5432617691660812,2
0.23068794635806222,0.5125832351352017,0
0.3940242858882137,0.5630232287799652,3
0.261802184777412,0.508735340957531,2
0.1356774009412356,0.9696420511130178,3
0.5214824213001752,0.2979076205553005,1
0.25709645353499033,0.5046060178715503,1
0.09466963429065312,0.5695387909362014,2
0.5822901950349073,0.6919675214028611,3
0.37110275831477046,0.8688832924300106,3
0.2160226813120265,0.4383606662840903,2
0.7872058914048534,0.2571560954556883,1
0.5405886408956901,0.31520146718736197,1
0.16809562152255741,0.717918925723345,3
0.5738995047026565,0.19802226293252767,0
0.380716003884791,0.2712605855534761,1
0.30381275405283115,0.664120685650083,3
0.31065848334253654,0.894077772192818,3
0.747399937313943,0.07810283542833663,2
0.7829621776313616,0.9090441280526066,3
0.40552334472977414,0.4617538400146073,2
0.02436453995435639,0.7015526866899577,1
0.7692672905871576,0.1599299757164141,1
0.012673459516163055,0.7340456632304505,0
0.2709205411589719,0.5737809091354251,3
0.7797064157821699,0.38384897147834185,1
0.8788012551528647,0.3268026265117555,3
0.9182577952436378,0.9435229697206621,3
0.4198173942069159,0.10356034989844454,1
0.7816620180319648,0.8065169142984276,3
0.18812530731199695,0.31758344886628986,2
0.7331462070194921,0.5978856611671035,3
0.3852593385713383,0.31295696331300493,1
0.0750867193252347,0.33685294326495574,2
0.8275800632603002,0.23224645461305837,1
0.12252293519237911,0.6051949273905328,2
0.7200872760362218,0.8288173907083564,3
0.39108809084237406,0.1515694004446292,1
0.7750998635129241,0.3845574655445759,2
0.7775345356868476,0.3470353555841026,3
0.4545439162560778,0.44618141165360536,1
0.1970564110365436,0.07023058437709784,1
0.9285809874745546,0.41558026974259066,3
0.24569239894820227,0.3185528510889605,2
0.9490339092954675,0.7030209977691716,3
0.6480232967680543,0.44537399847194803,3
0.37947649157129026,0.17869932816634815,1
0.6103738164618477,0.15692054212771667,1
0.4088420660999623,0.6477324347208633,3
0.9771431938823334,0.8625214780696534,3
0.8428378150145213,0.8869168074362511,3
0.2552842679317461,0.515290540117389,2
0.5811878341518687,0.7450513713528757,3
0.15133707013085418,0.08039249288431694,1
0.2782715941454761,0.5728631043260821,2
0.8855520302461596,0.8753986983704386,3
0.08273079928319294,0.5741010850782509,2
0.46203778694813746,0.8061462234254427,3
0.04217631075600681,0.509246196826288,2
0.010381340635623904,0.17028203368745076,0
0.32713663286760297,0.3956623003292886,2
0.7344705284644498,0.5893331242486034,3
0.8414801674729957,0.7519733964586199,3
0.057779891916807324,0.5747041497202282,2
0.36035228497074023,0.9506378479939915,3
0.48956242804445216,0.7757662920170789,3
0.25117040542066627,0.6497358964471726,3
0.6077391599543465,0.04514074486555708,1
0.6803451309403468,0.041098780518450395,1
0.41600989554983137,0.2928500245877804,1
0.162655725112007,0.04559453166715788,0
0.3471156389927096,0.24776939621725536,1
0.09949571774250021,0.011266467937466329,0
0.8353108918033764,0.06245091750662968,1
0.3019983511790796,0.13612230867833408,1
0.5796563554708611,0.6148818764663901,3
0.24968374029489193,0.9373811741223225,3
0.831385259615419,0.9739006049532448,3
0.008899114280625287,0.5354171003437975,2
0.9286724622822147,0.8791261821656895,3
0.31084592963729907,0.5254392774731246,2
0.35511884847167674,0.2460254375884552,1
0.8657865707324324,0.9527762637043296,3
0.7474650952993428,0.430629724573241,3
0.7084650300644553,0.11759082185189562,1
0.9264746618016863,0.0183445310390713,2
0.013206696570800425,0.41192155954734544,2
0.310361189552365,0.09970489335637123,1
0.3114217155397022,0.06714401207039278,1
0.3065720770275089,0.08329071646027941,1
0.20964065338343962,0.6489111578636219,2
0.3616921631590756,0.9101400421164468,3
0.2475006685166059,0.09683147664354463,1
0.8926605879789239,0.5637751239720651,0
0.35279880944590847,0.8514132060288864,3
0.9193103995513678,0.0412051848828936,2
0.7518012812345688,0.005479654872791895,1
0.13786816092255771,0.027532262600329704,0
0.4399077639715162,0.24778577665172574,1
0.7432033646993335,0.05850458601848041,1
0.15422364400299926,0.08319545929778549,0
0.1417101745072068,0.8538664787756511,3
0.6497909457544607,0.16475713282025628,1
0.2401147985251857,0.9436587527864864,3
0.4453484062603672,0.5546694663759626,3
0.3803937668342656,0.3212599188319152,2
0.45570750218386435,0.943232000555387,3
0.9212637272331945,0.9559131437017753,3
0.40255058478932715,0.35434436908524825,2
0.23498696393451823,0.3223101846754344,2
0.2742269088298914,0.5541481553225587,3
0.20874390630375983,0.6244624866237584,3
0.4926379284319877,0.04061655511545992,0
0.9806025492446054,0.1767965757043638,0
0.8857652785526821,0.2559761522179984,1
0.5968498248485696,0.21959006545264081,1
0.12974669048979282,0.9747656918322607,1
0.40177247106670544,0.1587006033532553,1
0.6553509050146172,0.40697159174682596,3
0.21438446011609036,0.3404129748694895,2
0.5407833767876307,0.2881272621960629,0
0.31528257982423125,0.13080499050847172,1
0.3506875511788151,0.43073164741546277,1
0.24351141201702897,0.23877448765082687,1
0.10101643208236155,0.09034750911219436,0
0.09485633348687916,0.5244009706642389,2
0.9535321215063948,0.9795456545116557,3
0.9968338105432383,0.17453511302040592,1
0.7437598180714174,0.14521081049848883,0
0.11205891427589776,0.4645923190413821,2
0.7733438036715059,0.8379185834818494,3
0.9355735401935444,0.9409033494460141,3
0.9052940916938833,0.9631248862629193,3
0.964382253083522,0.16021854639379896,1
0.13192085909719942,0.4403965929478507,2
0.570625596933394,0.5451084131406007,3
0.6273192435678812,0.14594060248342722,0
0.02465397776659861,0.34135911348400916,2
0.0017319833447332345,0.9594060842626658,3
0.8019060206070403,0.5939967449600025,3
0.5723379832249665,0.20064744723094363,1
0.9553273504245273,0.14569599579618198,1
0.8401075908421648,0.5727975636795214,3
0.017955691518964256,0.1371085872226342,0
0.5195758324338537,0.5373292519408993,3
0.6073690906151006,0.15935927301088748,1
0.9515993187776008,0.7825565696294983,3
0.4430868530709058,0.5151599267409158,3
0.5303767379174766,0.9108222061578464,3
0.9745232410946939,0.0981197370121607,1
0.8462729688831898,0.7832041583816178,3
0.49277350787086016,0.9291784880899758,3
0.1581803553383565,0.6259302409130323,2
0.33123143739827854,0.9762831689621153,3
0.6769903965100272,0.9995952992166017,3
0.198862725659263,0.11381635520450717,0
0.4931340327264674,0.6077792774214801,3
0.4534148646659206,0.3997145243543716,1
0.6130341670761994,0.6225880628982386,3
0.309823657965134,0.7895740101366725,3
0.590454991911792,0.3298323748752797,2
0.22568407176749394,0.4531020258685342,2
0.055239138435211554,0.34578257096013176,2
0.07119731238900762,0.03308982701687124,0
0.9444384721382861,0.5491848399332606,3
0.07097315653001623,0.052204228682348086,0
0.8505498476576169,0.08206769739944009,1
0.6891182403141098,0.17088689023182801,1
0.4659112039412747,0.25289674288342023,1
0.6477284134938306,0.21111512991052084,1
0.6903882146290465,0.06732925806579515,0
0.8855762771977665,0.3503247137342236,2
0.8803777311553675,0.4889451366456007,2
0.7005622509126608,0.39470234124585335,3
0.5529862890145991,0.6572173648091579,3
0.8904983430879767,0.682635711238307,3
0.05388698431315453,0.6390864233077888,2
0.009083837681687523,0.36538384898017817,2
0.4418655162730216,0.7281173162471553,3
0.31108905584055135,0.5340750749341431,3
0.8588727915478548,0.7564429560181755,2
0.37167492374650024,0.3565938031108159,2
0.16158675022815205,0.6146723737565689,2
0.5210179667252006,0.5134989567987336,3
0.606772189551568,0.24850971036693736,1
0.7256861442654459,0.5018310429107098,2
0.786563727800667,0.3282379513264182,1
0.42567221390035004,0.4467883916450731,2
0.5732166769094549,0.1598224219391552,1
0.4280997177878625,0.8043254586586508,3
0.458483309565734,0.9640294660281924,3
0.1749372240036111,0.17433438721637828,1
0.6119108750960942,0.11599479999370488,1
0.07857142286682428,0.7207501697902894,2
0.9874370239359298,0.23077369681217652,3
0.29131639803651466,0.4103939250606158,2
0.383559312941113,0.8571985832019378,3
0.5097551457507836,0.6237127761447065,3
0.4352469087697721,0.7752889440416193,3
0.9360932126749483,0.6731251316240886,3
0.1305685819448813,0.39561227760150375,2
0.6579229033449283,0.7742383745048164,3
0.22245097948260106,0.16746230222266423,1
0.1845726546604266,0.03572037492000346,0
0.4360405035467029,0.7226131390337416,3
0.5683195930390988,0.06470871527507538,1
0.8429818937142979,0.08715069100406181,1
0.5001890740831434,0.34477209064758374,1
0.25017547500136617,0.6511649300846357,3
0.5407008660363894,0.021977506554058723,1
0.5552848353748057,0.20613019092144225,2
0.21422333775122804,0.4979663760470999,1
0.148515325173463,0.33494535452686724,2
0.5320868232413268,0.9475545546808076,3
0.6241347308835823,0.8308589537775447,3
0.06348107466704145,0.41341015761971855,2
0.11656990083942331,0.17788428627569663,1
0.5845825628171293,0.7951157278726881,3
0.2900487165333461,0.5745492522699305,3
0.9278872050700379,0.3244947528050208,3
0.2426797132497135,0.6635821445199277,2
0.7646920576227068,0.6423576016891891,3
0.2891449773705036,0.9768793281548391,3
0.9725849310353679,0.8889694584766928,3
0.8926095629671446,0.7397797795932981,0
0.2896079425909066,0.522502436234927,3
0.31932463399529354,0.15584878614316333,1
0.4865314006738811,0.9976259734701903,3
0.12449656079352533,0.2355408777950886,2
0.30309295408644255,0.7021368716684614,3
0.19941332720379645,0.22425652418461506,1
0.16980111012107302,0.6416979000849969,3
0.057889043249636285,0.6294516562570772,2
0.356788743064122,0.052593569223168934,1
0.28223452722697917,0.743764602711094,2
0.2540254698602826,0.5168139729802662,2
0.13057023748247976,0.8873934899335315,3
0.6389869260328132,0.7905255314954578,3
0.8735971313673079,0.16478612495156209,1
0.8883434249037465,0.9529463958277009,3
0.11422217109784716,0.8993924711131662,3
0.24982333624218345,0.7379952837507646,3
0.14674072482741418,0.08598194145344351,0
0.777858906736086,0.8362968723369987,3
0.3908969108976974,0.5639295108433809,2
0.9456270783043782,0.48863001638454195,3
0.5762070280362439,0.8907421693838384,3
0.5061455515869207,0.6138154464035988,3
0.598404692214099,0.6257106536311601,3
0.6619244518810379,0.7341992227559929,3
0.9550092595835571,0.9881541815534786,3
0.1405582550779273,0.3827590074767375,2
0.3405000806876556,0.6430480568438218,3
0.18452869941458583,0.4140586237952071,2
0.4876379848153146,0.7217963568119489,3
0.6671874077511117,0.2977155282853723,1
0.8556787692434399,0.5398794005898124,3
0.5785227995116042,0.4817318616764704,3
0.9331670305166816,0.2719191122910567,3
0.24624311141133426,0.8116277329225239,3
0.45247871069883994,0.2158937172425155,1
0.953071943574292,0.8205362312967804,3
0.44738351383438424,0.47491424092508283,2
0.9756907742758788,0.7571543215881548,3
0.8836359159501836,0.41988028130979893,3
0.46530291625348197,0.18360804065241,1
0.3144569043691885,0.0258581934700427,1
0.8424549250191812,0.03175960812396972,3
0.6312771226022237,0.6984352653357453,3
0.12025147685279924,0.30869254345517483,2
0.10877108602214414,0.8930853904920851,2
0.5576450004172812,0.08959082499677151,1
0.2026250781869845,0.3456461493630678,2
0.261103856548222,0.5676038833297806,3
0.7145658828041372,0.7585431619563366,3
0.9129521949788592,0.5574357214254718,3
0.5815953536086835,0.7170709685527316,3
0.7766412976178102,0.21111801787096585,1
0.12508441636016587,0.4164177997679527,2
0.18545181424363655,0.2569209567735351,0
0.2899791355740393,0.25005281566525206,1
0.843735672491704,0.7468303410000433,3
0.2984156463348604,0.379065923357622,2
0.7993351136370368,0.48652646124941956,3
0.5166203291485708,0.505508334596283,3
0.9278340312311477,0.09762089795226003,0
0.8193568292925674,0.6850888205914826,3
0.022718833094140467,0.04930872192452895,0
0.030578441243362398,0.09783415916901128,0
0.6770562089825327,0.9480507171044753,3
0.7121070933216798,0.751154173008227,3
0.23206451381977966,0.6434035555791983,3
0.027619140904326822,0.8996159837946064,2
0.17730866704164527,0.19923810076908577,1
0.506004949862637,0.7204457079718882,3
0.9127297480196983,0.38709267797518077,3
0.05330223175615112,0.2562138875741544,2
0.45391967476656503,0.785569462655881,3
0.12229392997928923,0.4007251629231088,2
0.9108947507576067,0.8688973327971442,3
0.10614976475186921,0.48317262846420106,2
0.9155205298788769,0.4684120275045698,3
0.7697334843739545,0.07357214204366236,3
0.6459526040166642,0.1889418232282446,1
0.3919483121198304,0.7206813888068493,3
0.4693463107282514,0.4058579612434713,2
0.3476347332011247,0.415486497578076,2
0.37765410407735733,0.6605819941284955,3
0.8597328327706973,0.9747743283723209,3
0.805989269453577,0.5857723816685987,1
0.8418152571071361,0.03409098991708592,1
0.8245175428083269,0.4855160945812321,3
0.8126085068321393,0.7340942446026218,3
0.2711144398985983,0.20544226431628565,1
0.09463156321533472,0.22086425380683206,0
0.8374128041810334,0.6393754703741814,3
0.3168410555231953,0.8882706514017321,3
0.26122752887275924,0.2568888941018208,1
0.22701027571058663,0.5969839889074734,2
0.636672247707035,0.4010479255457545,3
0.665597333258062,0.9533498938433187,3
0.8560839086581298,0.8811499460478405,3
0.8675310087090765,0.03903597065758191,3
0.786572357646886,0.6133273295139702,3
0.7393495909961276,0.8165437642322744,3
0.5420611474714768,0.2328234035228408,1
0.4752630554224354,0.8538966059218384,3
0.17873964640004203,0.49851564888261035,2
0.6927065830094945,0.9562257228022842,3
0.8256383382098282,0.7157297602963757,3
0.19344805920619157,0.6540519624469175,2
0.8487039991629072,0.4601783734555914,3
0.20462285321352036,0.1702892283549552,1
0.8970867592011623,0.02292766108510691,1
0.0831191398715736,0.3536840752080189,2
0.9353197252169515,0.30382496907203427,3
0.06438706848516251,0.2730475375550251,2
0.9722716043408735,0.7076080726343212,2
0.020199191171340503,0.28422147319468805,2
0.3195705683064033,0.8570904476214173,3
0.6459652889505502,0.48697219960136096,3
0.2923164222551172,0.9495903176535799,3
0.9557296639636533,0.38651582913807925,2
0.19131429507466224,0.07149816327872593,1
0.2905389544818304,0.37002730513828963,2
0.5911600130855376,0.238691088452334,1
0.10552966712267142,0.5803303095963256,2
0.18001752280325345,0.9186260936323732,3
0.9806726746169562,0.19774894007571653,2
0.5653869690640196,0.726017605803921,3
0.08011613726974387,0.5961480820875144,1
0.3618444701726119,0.763646139576399,3
0.0916763152722272,0.40430840883931785,2
0.49193091328412675,0.17170785341431338,1
0.3145750104065632,0.06534733498116929,1
0.1934013244934385,0.7280675354322926,3
0.38667440750236737,0.7449259672397917,3
0.25303536911962177,0.2151509745998088,1
0.19737493681966412,0.4190626917353849,2
0.13986372155141702,0.14016057274330995,0
0.8436525799766295,0.31804005675305635,2
0.6745480106251225,0.614214697217364,3
0.45314965802059526,0.38030017716305586,2
0.7584043857811078,0.3090120020047532,2
0.4927776600472231,0.8994025647446641,3
0.8805025253207737,0.5006711050467276,3
0.2396847940709803,0.9197878365218818,3
0.7970677678251641,0.6399863871063171,3
0.15800069877597656,0.9741356428888094,3
0.8082383386352272,0.06685973602379558,1
0.036725268476640704,0.7367369089485118,1
0.20537176082046826,0.08999176713109303,1
0.5470428957530462,0.8972357029829455,3
0.5375298719930557,0.39409348232391483,1
0.6386506984445581,0.6834550434155037,3
0.9365475507006483,0.9000815711563968,3
0.7220907575971999,0.42319452181417383,2
0.20300112644288248,0.875740358206073,3
0.32205991195610495,0.5871221055926997,3
0.8013906998414122,0.1689968395996373,2
0.8482585062988411,0.029144063206823057,1
0.41851839032212124,0.0848958228144735,1
0.8808238525906961,0.8423205223142579,3
0.06158565940861005,0.0012698637257865242,0
0.6132369184348567,0.04020626159587026,1
0.1813309812341488,0.7161050616041341,2
0.6153826096332791,0.444377018156919,3
0.7713430222148432,0.24448570058615549,1
0.9094176591665293,0.6363226548709688,3
0.8847175851052893,0.10440813851947994,1
0.5814512098145195,0.2667514378935437,1
0.1013384669781009,0.5121939478260449,2
0.5871962552739077,0.6956197106217527,3
0.984744523134691,0.9201834878480608,2
0.178163130120221,0.9475759025831375,3
0.1225852633296286,0.27390622462434444,2
0.2970277205810372,0.9212739728546835,3
0.6532672636139096,0.5549786620292849,3
0.7841805028968777,0.492149349818949,3
0.18532918877110283,0.36444643384029596,2
0.27901635166613004,0.12736335548664135,1
0.5799097177138288,0.9475890017959134,3
0.45598921414856664,0.20912984099490572,2
0.4685986859538237,0.3951546769346591,3
0.7361242978512486,0.1109034699173953,1
0.7055154377385144,0.496491773284491,3
0.5074444601306601,0.22439641550939482,1
0.07807550560696563,0.04604659464083016,0
0.17206086096892415,0.3573872900294437,2
0.3157213295697596,0.5104527416275608,3
0.9877819778485672,0.6700793481491136,3
0.8701458756368692,0.5668750483155958,3
0.11241511568503926,0.6511688886367399,2
0.3010419744079861,0.22783545948344208,1
0.5658102585075433,0.07664872330485972,1
0.7823673546217181,0.6331566841585924,2
0.011845955633906113,0.6845316308550556,1
0.2227812324561289,0.2319597857568183,1
0.4778986390481573,0.5039511134929069,3
0.12268102802052194,0.44581801761201767,2
0.04621501061030775,0.27711328604995444,2
0.3570775060409631,0.4214389778265454,2
0.9045985643767357,0.5681218841952691,3
0.5905282422058822,0.5136625799629545,2
0.8873235262198244,0.5965244253563249,3
0.9004272656092378,0.49762277937403887,2
0.9192054994332516,0.34645098768377514,2
0.6936963672254627,0.521416992320372,3
0.4094229970145169,0.6985747556017354,3
0.41365720700093467,0.4189531910624932,2
0.6416974115246744,0.7213184249624819,3
0.14067001058607143,0.194650429644026,1
0.40177588283370524,0.24790996592198566,1
0.9215112871491139,0.40290425278826847,1
0.7288467670073624,0.18638210980547376,3
0.538623161439912,0.8671064384186044,3
0.26355099737089593,0.5300747152117822,2
0.16373493461541588,0.4697333936749083,2
0.5732706963797991,0.6170705300806706,3
0.626756242211922,0.594976291511674,3
0.977535508350259,0.8878902663549759,3
0.8183788273615817,0.5170997828603567,3
0.27028819156623574,0.04642898054544908,1
0.6738944719657503,0.8143325404730192,3
0.5738521019116253,0.23782671965545588,1
0.3259821418204365,0.4436853583230308,2
0.6202699870751022,0.7998900949133019,3
0.5193873365533096,0.4043493086993104,2
0.9438860624409035,0.4149329874848603,3
0.15478163555236235,0.2563245719781513,2
0.3913530829147429,0.8556977359005074,3
0.5512129676852907,0.47857110256929825,2
0.15202435094299416,0.6541284365463005,2
0.1741694119545376,0.14846702099812348,1
0.5373198986382856,0.05780701933544807,1
0.8638467419512721,0.5355893798558893,3
0.44796829912620273,0.01036495230235035,1
0.7692833028712365,0.11430029359191107,0
0.9230068959251877,0.20317942049144933,2
0.4561338928059392,0.1690242961375218,1
0.18292725515993669,0.14146781290379085,1
0.5832460310632822,0.6023247512944702,3
0.9918234722819526,0.5451737327279208,3
0.7766032899053237,0.7044047539306091,3
0.2903787922754669,0.8922759314052627,3
0.5272591353152912,0.7089094340372132,3
0.6885335299867263,0.35334308261121705,2
0.014528974501542224,0.9410503266573429,0
0.13734329039528914,0.4888241179646461,2
0.897134095754841,0.2056085296426955,3
0.7361137690357957,0.9183838334142619,3
0.9948719757305855,0.7945581929244535,3
0.32302702520862214,0.3853053935330447,2
0.06962645361642894,0.6712869875501978,2
0.2653366452509389,0.46607099192206247,2
0.9903483479216374,0.27649132356483785,3
0.2604534786188325,0.9105457735378156,3
0.17196454746398737,0.8937010359677314,3
0.8792862083460125,0.9245720844085731,3
0.15912697995086966,0.24211131781810502,2
0.9771624852480585,0.6410196465711179,3
0.882383857193784,0.17718551817251582,2
0.665845270228213,0.8967793722271126,3
0.9946942216632696,0.9386066010910269,3
0.017532480958812102,0.5300829388020363,2
0.33377171687052987,0.2163963940728718,1
0.2568539645603827,0.06683522159107091,1
0.036312080710918626,0.9272186266864053,3
0.21619796646494993,0.4544351883115334,2
0.5712169922684215,0.19619678903230253,2
0.9726094461425621,0.5027425778264947,3
0.8322135463461847,0.17870480729452798,1
0.8804745283317136,0.5844982357004641,3
0.2542351722811437,0.04972315591098064,1
0.5179868039681522,0.6489955246556514,3
0.8637328313173769,0.45354697079465556,3
0.38797860606397017,0.8416362760094138,3
0.044809971710044305,0.8129342129798796,1
0.5012562822367433,0.0971449659403456,1
0.19583227095046452,0.19934210579919476,1
0.9220397877558982,0.761237013782853,3
0.08606717792579321,0.2003179401151205,1
0.08574329336893494,0.7350428751483983,3
0.2026371721696647,0.5078702300275463,2
0.20248309890213012,0.8885276158914599,3
0.5351634401922176,0.6928963830305637,3
0.6621002972723532,0.2726311309848073,3
0.7929975532612612,0.07520840880842528,0
0.11382725244573699,0.4192872611815265,2
0.6626729613545599,0.8488819084758481,3
0.31744799183806716,0.5640543598027034,3
0.8869954861233086,0.12743624208649706,1
0.8606504846118019,0.8947452505552178,2
0.800133244115388,0.772988231896791,3
0.07068169873944896,0.3062778962137497,2
0.7885852808961162,0.8789115047830096,3
0.7005421415044071,0.14762627574728682,0
0.5763508056720339,0.5269198845934367,3
0.2188842360012041,0.3748805870796732,2
0.6140205779774406,0.30665158489713884,1
0.9586089981504774,0.21136887348983457,1
0.3573299330295311,0.5739008012656655,3
0.8425200987881261,0.33115913714135936,3
0.07121263490418961,0.5842871855634197,2
0.05979091374041701,0.5837985174001151,2
0.0534045987556413,0.5800800558225261,0
0.8449589647814921,0.6866456467603412,3
0.9644676255824663,0.5604354962475743,1
0.79129157740909,0.6031472095180309,3
0.8517079664537488,0.4075386180806785,3
0.7466439967020603,0.5030759203316303,2
0.43139767612780566,0.5682351859240242,3
0.973117511156237,0.12170371214065223,3
0.4779744300747004,0.3498546359071564,1
0.6809779718872835,0.8008490387374788,3
0.651594611772816,0.23073092618244417,1
0.745442757639009,0.11559226168957082,3
0.8727897870769178,0.47188324670820914,1
0.6971584261356965,0.003622174764046582,2
0.6159952554744533,0.16236237380908558,1
0.14252885743527766,0.8667916970176163,0
0.686206276538287,0.9046997716113123,3
0.0655821209694889,0.6519134442993194,2
0.0006273684476972852,0.18142923087098717,0
0.6335860321444651,0.9574811477164017,3
0.031832650323293965,0.6594814914299856,2
0.004401885589507826,0.22057505094429353,0
0.3517077624130335,0.07630482508946046,1
0.019825786790570676,0.03666367503006496,0
0.7324356501206473,0.20391801717365465,1
0.9364192997127787,0.730553808112119,3
0.9684506553083138,0.46952730846092605,1
0.5604526390620139,0.9525490480261347,3
0.44230079257733346,0.8374059493454251,3
0.4242557796037394,0.7848265077366207,3
0.06727295557642587,0.21269732537479746,2
0.4187867713427771,0.8698025919614647,3
0.21981048881828713,0.8414132926006072,3
0.2466233478914891,0.30306085214926504,2
0.6108219500770398,0.3042124195423861,1
0.017213382282401213,0.8592864525106948,1
0.5343127725117398,0.010503654443032029,1
0.7980234395075554,0.0684511131360045,1
0.19612105094167442,0.9923136397183819,3
0.3400244093446826,0.2951225349187818,1
0.8752183650788705,0.7873647313043048,2
0.6248294606962455,0.7694630484006667,3
0.6060604327272946,0.9435740214515653,3
0.0016872418552514867,0.8141675801955074,3
0.680535628879285,0.7209349811091694,3
0.6641668054146629,0.19060587702499543,1
0.08739375049404852,0.9211578921795514,3
0.47943681384701753,0.10979040635066872,1
0.9181191101167685,0.1532236238893505,3
0.18076161325786855,0.16729028819697922,1
0.19134604646608477,0.28368881923488265,2
0.7679638269293739,0.5074930949282571,3
0.3676597288615696,0.4677717367696904,3
0.10344717198428799,0.24325235732889217,2
0.6305575707572151,0.3360592090656239,3
0.9091153942309106,0.00410920456125663,1
0.9418557971065536,0.925669107306777,3
0.6913367618618605,0.8157708635657035,3
0.22026420162004112,0.2037965952277555,1
0.5901420895623306,0.10909481885748673,1
0.24081899003913954,0.4545774698214482,2
0.18547097647885147,0.4639037737931976,2
0.9575930210736242,0.47762911771163963,3
0.3456093536071183,0.697749084432315,3
0.16431439502978817,0.24637241075886163,2
0.8448382424002445,0.4344332466982651,3
0.11076586869024874,0.6275315477745376,3
0.09694539383580514,0.11963855791416256,0
0.11494061260033184,0.00653436479956615,0
0.5043790879907822,0.9066883431809115,3
0.8104774407278145,0.7781845835359474,3
0.7254901029873015,0.5076667401863704,3
0.8414938550427122,0.8625733116495916,3
0.1726901713611989,0.23531963398663747,2
0.9796385986641671,0.9821828517949454,3
0.6982994262765099,0.5917002485612132,3
0.26598420440704773,0.8486161760225666,3
0.9537442379731657,0.3702496163763497,3
0.047614756893259114,0.3103105517528846,2
0.40138706905715615,0.9798769272713446,3
0.6155512253922699,0.33005935396704855,1
0.7823045545398375,0.08607961905595551,1
0.592572559700887,0.8795671787715567,3
0.6393032320563926,0.47971554194238963,3
0.557708661074431,0.5195663317760851,3
0.4704626418005897,0.30013788154985843,2
0.4068150126882186,0.7690449511565842,3
0.05109668584152316,0.15691990330501016,0
0.6024305036976769,0.6150662009014595,3
0.3063428606487486,0.7380874899167055,3
0.04828259728223405,0.32425425178946776,2
0.25759141221650583,0.01817221960134574,0
0.8831055215190656,0.43242601773972233,3
0.29955922079148223,0.032696315659021535,1
0.5546255209239525,0.5510490867212622,3
0.4861007263789382,0.07082953077913623,1
0.9254236108635808,0.13299270926894458,1
0.38883635383776516,0.9166575832272778,3
0.9990340074856128,0.9639979917718208,3
0.3035406848700293,0.11055394328240997,1
0.12763259909773061,0.0005562064795394672,0
0.47138365382958125,0.17590916286784897,0
0.7344183702805215,0.41762504730217753,1
0.9765961130627686,0.7642001768514697,2
0.9161207341131461,0.8715533157959142,3
0.7451770651731322,0.07635507332477165,1
0.2951133773687311,0.3837049590280247,2
0.41912762934950687,0.31962305643021405,2
0.3177102071568607,0.694881236492137,3
0.4059333189035479,0.9482888671436412,3
0.6473430273063406,0.9071075896048278,3
0.8407481441513616,0.12773611048989952,1
0.4663993528618612,0.05536237911828035,1
0.2699410944736327,0.3545925057413345,2
0.866007542375818,0.22916296827552185,1
0.6548898579878318,0.8433532223153318,3
0.25084585628971456,0.8768494430055292,3
0.09887723405378424,0.386919495700226,2
0.014752986692849857,0.6600445061646418,2
0.3203905167776352,0.1006711877121872,1
0.7248991063398079,0.6307841469903318,3
0.1476638206912705,0.10922119432697197,0
0.4837362698037173,0.9559228009783084,1
0.7402599282664738,0.24393623520950236,2
0.3629547577429044,0.19766623503830194,1
0.8986720893272302,0.9508505979480816,3
0.27304955319678603,0.1963119140865638,1
0.027769356935231082,0.3252196178079214,2
0.3385766118313066,0.17819556556166527,1
0.6361738524861619,0.6039152177854906,1
0.24535729044993115,0.4260027643889134,2
0.5795130168992605,0.7862280781614762,3
0.5298574383858559,0.5193187430378077,3
0.5759828691363612,0.01974660293796804,1
0.46022723480303096,0.32048933145403147,1
0.08120860263914365,0.9257798709411832,3
0.7531356271289981,0.08895564836838021,1
0.8989459584944334,0.8799657315843071,3
0.4643128409844365,0.5987941460149581,3
0.6015728264032421,0.7037541304765406,3
0.40341052282936163,0.05661482079613822,1
0.9253434639874843,0.7417496017331826,2
0.47966861001582173,0.6481981373891067,3
0.4817043111632481,0.35085291755470094,1
0.38730799179788944,0.0718215621997671,1
0.28997367595572066,0.8418019254161176,3
0.5340950960004507,0.898850013093567,3
0.0030527131361670623,0.8269866377910783,3
0.09392085645995951,0.14987935297175115,0
0.4294441943937882,0.3531859481512055,2
0.6114425241402996,0.5938516983021221,3
0.0797148258816518,0.7606892276174285,0
0.3402628347853799,0.4528662283370688,1
0.8272447517260287,0.47596844683344464,1
0.7253985723273181,0.9996257158285666,3
0.1541949762803524,0.41507667579837626,2
0.12943341135356767,0.7675784894798234,3
0.7532269833508654,0.4322584942019181,2
0.6494789861350492,0.6698630282025981,3
0.24157403313347103,0.2602331241632104,2
0.08007589617939603,0.35017633185746744,2
0.5959171306209401,0.32360567680686947,0
0.2753651840857195,0.7290806176683889,3
0.5326483441608985,0.24892898532795804,1
0.9180361982400418,0.3977258611301603,1
0.9505594490457783,0.003473734909840265,0
0.33579117942385406,0.5117843369222237,3
0.9863042611057635,0.24467157084820312,2
0.5770671442704087,0.9133969965630846,3
0.09513659935113161,0.6714854377217142,2
0.010116173298340025,0.7822246742133525,2
0.20389939439891258,0.19523524006812554,1
0.04848312492862816,0.6677665847260007,3
0.8576616449159402,0.9917649136022776,3
0.8974532659863331,0.13305240286735376,1
0.09968765063461982,0.1829228829175259,2
0.9203633716656301,0.8770309242500958,3
0.19595137134530338,0.5831408401416283,2
0.6019170571116826,0.9113785620835347,3
0.7784134745735296,0.3535960773323973,1
0.140704329596115,0.6443205530002635,2
0.8135853995065567,0.3299272295638864,0
0.7666095660692485,0.8697998435493529,3
0.5769153998388606,0.9795982397088295,3
0.6744213380170145,0.9997649436854312,3
0.9093957434542392,0.8139894253545613,3
0.7647870439011645,0.6815019317817799,3
0.9654666540681399,0.2344112995498132,2
0.3955168274744597,0.6812637789856478,3
0.2015498243041317,0.32393328788902365,2
0.46572231713153145,0.8735442479745119,3
0.4003609394614248,0.34622803893161047,2
0.29839510506320666,0.7677482050228257,3
0.6545167918579666,0.30604864247685826,1
0.9219132134265403,0.22215676284688257,2
0.45607156845153485,0.3764624468841611,2
0.2542780589567556,0.7860406584336058,3
0.49064989486971544,0.5154957288303088,3
0.7977378615022153,0.9581597967968057,3
0.7852328054608679,0.7811496181080159,3
0.9820087479079792,0.2515163895645376,3
0.4182550822761021,0.8274900553269342,3
0.6037781135265199,0.05356265571741681,1
0.6804040799984137,0.13457874319169505,2
0.7309504759663359,0.6132081070963918,3
0.049574452319187556,0.3073906024201073,2
0.4829786808377907,0.02135102411136014,2
0.6306771714934699,0.7526658376744374,3
0.35422052318683195,0.23315792454164463,1
0.30575588402106446,0.9318380106747767,3
0.13675593356857674,0.6270771261395659,2
0.703301200742151,0.42186818789327785,1
0.09218299061883217,0.47617435124766183,2
0.029456578384617793,0.08344505432200289,0
0.7417860509574735,0.2282538888585195,1
0.959156070678335,0.9296312827487808,3
0.2798313330878742,0.4158380682804784,2
0.5427064901595589,0.30258842505222794,3
0.8020135173926698,0.23502202676421402,3
0.4876815908970732,0.9294881255704703,3
0.391421545972926,0.8797930890624873,3
0.5549674881574272,0.004148038415139554,1
0.15499282334276965,0.29005578673535337,2
0.7063781429443046,0.3578042626461472,1
0.3689327636790297,0.5926518104396652,3
0.08223504134414072,0.30066892379236876,1
0.04441167025460491,0.7496328951533479,3
0.44750527814542984,0.42524757216303977,3
0.8439185852562251,0.674972197752374,3
0.5277881007104426,0.10213972396340343,1
0.7537282326601276,0.3840203064653366,2
0.5548691966486423,0.7009338526160659,3
0.4849183512364673,0.9282868952526561,3
0.9252839684628752,0.806073946000757,3
0.7157212207320186,0.25133396872996705,0
0.34563657058875785,0.5153537231065801,3
0.7651226809848012,0.7246803579080289,3
0.3803487881504677,0.3931891804254063,2
0.32493588263054196,0.26715918903245706,1
0.7629076473651538,0.0009438527663274687,0
0.6560059335186936,0.62332926120535,3
0.7341690361889655,0.8236762470122105,3
0.012719175480271239,0.3992170887888553,2
